x,y,z,utc,dbm,buffer_voltage_mv,resistance,pwr_nw
1.9757442626953126,2.14068017578125,1.5735496826171875,17:03:04,"[-0.46719393134117126, -0.18008220195770264, 0.8656212687492371, -0.6343941688537598, 0.7502188086509705, -0.18632172048091888, -0.6158521175384521, -0.6361934542655945, -0.4647407829761505]",-100,45,1000000,1
1.9757825927734376,2.14065478515625,1.573571044921875,17:03:06,"[-0.4674655497074127, -0.18081973493099213, 0.8653208613395691, -0.6345306634902954, 0.7501760125160217, -0.18602880835533142, -0.6155052781105042, -0.6360346674919128, -0.46541714668273926]",-100,45,1000000,1
1.97582421875,2.14065478515625,1.5735267333984375,17:03:07,"[-0.46741899847984314, -0.1799073964357376, 0.8655361533164978, -0.6343317627906799, 0.7501955628395081, -0.18662765622138977, -0.6157456636428833, -0.6362703442573547, -0.4647766351699829]",-100,45,1000000,1
1.9757825927734376,2.140682861328125,1.573554443359375,17:03:08,"[-0.46713370084762573, -0.1804012805223465, 0.8655873537063599, -0.6345043182373047, 0.7501870393753052, -0.1860743910074234, -0.6157843470573425, -0.6361405253410339, -0.4649030566215515]",-100,45,1000000,2
1.9757791748046876,2.140683837890625,1.573564453125,17:03:09,"[-0.46752455830574036, -0.18042884767055511, 0.8653705716133118, -0.6343945860862732, 0.750219464302063, -0.18631762266159058, -0.6156007647514343, -0.6360944509506226, -0.46520912647247314]",-100,45,1000000,2
1.9757664794921874,2.1406953125,1.573558837890625,17:03:10,"[-0.46713370084762573, -0.18031103909015656, 0.8656061887741089, -0.6344344615936279, 0.7502397894859314, -0.18609987199306488, -0.6158563494682312, -0.6361039280891418, -0.464857816696167]",-100,45,1000000,2
1.9757774658203124,2.140665771484375,1.5735965576171875,17:03:11,"[-0.4670005142688751, -0.1803019791841507, 0.865679919719696, -0.6344947218894958, 0.7502052187919617, -0.18603397905826569, -0.6158952713012695, -0.6361472606658936, -0.4647468626499176]",-100,51,1000000,2
1.975802001953125,2.140654052734375,1.573572265625,17:03:12,"[-0.46709027886390686, -0.1802145391702652, 0.8656497001647949, -0.6344407796859741, 0.7502221465110779, -0.18614943325519562, -0.6158827543258667, -0.6361520886421204, -0.46475693583488464]",-100,44,1000000,2
1.975773681640625,2.14065771484375,1.57356298828125,17:03:13,"[-0.46732261776924133, -0.18057550489902496, 0.865449070930481, -0.6344864964485168, 0.7502009272575378, -0.18607908487319946, -0.6156593561172485, -0.6360747218132019, -0.4651585817337036]",-100,44,1000000,2
1.9757628173828126,2.1406650390625,1.57355322265625,17:03:14,"[-0.4676477611064911, -0.1804521083831787, 0.8652991652488708, -0.6344624161720276, 0.7501268982887268, -0.18645915389060974, -0.6154372096061707, -0.636197030544281, -0.4652852714061737]",-100,44,1000000,2
1.9757841796875,2.140672119140625,1.5735516357421875,17:03:15,"[-0.46718043088912964, -0.17999309301376343, 0.8656471371650696, -0.6342867016792297, 0.7503136396408081, -0.18630577623844147, -0.6159730553627014, -0.6361068487167358, -0.4646990895271301]",-100,44,1000000,2
1.97576708984375,2.140686767578125,1.5735618896484376,17:03:16,"[-0.4673464000225067, -0.1801910102367401, 0.8655163645744324, -0.6342958807945251, 0.7503098249435425, -0.1862897276878357, -0.6158376932144165, -0.6360552906990051, -0.4649490416049957]",-100,43,1000000,1
1.975778564453125,2.140663330078125,1.573525634765625,17:03:17,"[-0.4673546552658081, -0.17991869151592255, 0.8655685186386108, -0.6343302130699158, 0.7502139210700989, -0.18655908107757568, -0.6157960891723633, -0.6362454891204834, -0.46474382281303406]",-100,52,1000000,2
1.9758017578125,2.14064404296875,1.5735555419921874,17:03:18,"[-0.4675285816192627, -0.18042773008346558, 0.8653686046600342, -0.6344233155250549, 0.7501885890960693, -0.1863439679145813, -0.6155680418014526, -0.6361311674118042, -0.4652021825313568]",-100,52,1000000,2
1.9758035888671874,2.14065576171875,1.573567626953125,17:03:19,"[-0.46706289052963257, -0.18030688166618347, 0.8656452298164368, -0.6344775557518005, 0.7502101063728333, -0.18607263267040253, -0.6158656477928162, -0.6361401081085205, -0.46479594707489014]",-100,52,1000000,2
1.975751953125,2.1406669921875,1.5735867919921875,17:03:20,"[-0.46759137511253357, -0.1810898631811142, 0.8651964068412781, -0.6346571445465088, 0.7500754594802856, -0.18600301444530487, -0.6152793169021606, -0.6360764503479004, -0.4656587839126587]",-100,52,1000000,2
1.9757806396484374,2.14066357421875,1.573544189453125,17:03:21,"[-0.46729978919029236, -0.1801997572183609, 0.8655396699905396, -0.6343601942062378, 0.7502556443214417, -0.1862889975309372, -0.6158068180084229, -0.6361167430877686, -0.46490585803985596]",-100,52,1000000,2
1.9757484130859375,2.14067333984375,1.573569580078125,17:03:22,"[-0.467706561088562, -0.18063440918922424, 0.8652293086051941, -0.6343623995780945, 0.7502564787864685, -0.18627813458442688, -0.6154956817626953, -0.6359924674034119, -0.4654875695705414]",-100,52,1000000,2
1.9757781982421876,2.14066796875,1.5735738525390626,17:03:23,"[-0.4670493006706238, -0.18048299849033356, 0.8656158447265625, -0.6345040798187256, 0.7502235770225525, -0.1859278529882431, -0.6158486008644104, -0.6360743045806885, -0.46490857005119324]",-100,52,1000000,2
1.975779296875,2.140673828125,1.573559326171875,17:03:24,"[-0.46772801876068115, -0.18045103549957275, 0.8652560114860535, -0.6343103647232056, 0.7502660155296326, -0.18641701340675354, -0.6155329942703247, -0.636033296585083, -0.4653823971748352]",-100,52,1000000,2
1.9757694091796876,2.1406494140625,1.573577392578125,17:03:25,"[-0.467443585395813, -0.18049655854701996, 0.8654001951217651, -0.634465217590332, 0.7501790523529053, -0.1862397938966751, -0.6155894994735718, -0.6361228823661804, -0.46518516540527344]",-100,49,1000000,2
1.975782958984375,2.14066064453125,1.5735767822265625,17:03:26,"[-0.46755003929138184, -0.18060588836669922, 0.8653198480606079, -0.6344214677810669, 0.7502241730690002, -0.18620727956295013, -0.6155537366867065, -0.6360387206077576, -0.4653475880622864]",-100,44,1000000,2
1.97575341796875,2.140660888671875,1.5735887451171875,17:03:27,"[-0.4675408899784088, -0.18100975453853607, 0.8652404546737671, -0.6345766186714172, 0.7501527070999146, -0.18596629798412323, -0.6154007315635681, -0.6360082030296326, -0.4655916094779968]",-100,44,1000000,2
1.9758035888671874,2.1406552734375,1.5735506591796875,17:03:28,"[-0.467323362827301, -0.18015748262405396, 0.8655357956886292, -0.6342459321022034, 0.7503593564033508, -0.18626044690608978, -0.6159066557884216, -0.6360064148902893, -0.4649246037006378]",-100,44,1000000,2
1.9757845458984375,2.140670654296875,1.5735704345703125,17:03:29,"[-0.46745166182518005, -0.1804601103067398, 0.865403413772583, -0.634470522403717, 0.7501639127731323, -0.18628263473510742, -0.6155778169631958, -0.6361510753631592, -0.4651620090007782]",-100,51,1000000,2
1.9757674560546874,2.140681640625,1.5735919189453125,17:03:30,"[-0.46729859709739685, -0.18056809902191162, 0.8654635548591614, -0.6343558430671692, 0.7503396272659302, -0.18596532940864563, -0.6158121824264526, -0.6359132528305054, -0.46517708897590637]",-100,51,1000000,2
1.97580859375,2.140655517578125,1.5735595703125,17:03:31,"[-0.46730679273605347, -0.18056362867355347, 0.8654600977897644, -0.6344547271728516, 0.7502347230911255, -0.18605120480060577, -0.6157041192054749, -0.6360382437705994, -0.4651492238044739]",-100,45,1000000,2
1.97577001953125,2.14067724609375,1.57357861328125,17:03:32,"[-0.467223584651947, -0.18065626919269562, 0.865485668182373, -0.6344712972640991, 0.7502559423446655, -0.1859089434146881, -0.6157501339912415, -0.635986864566803, -0.46515852212905884]",-100,45,1000000,2
1.975787841796875,2.14066064453125,1.57356103515625,17:03:33,"[-0.46734437346458435, -0.18053443729877472, 0.8654458522796631, -0.6345104575157166, 0.7501625418663025, -0.18615227937698364, -0.6156181693077087, -0.6361317038536072, -0.46513521671295166]",-100,42,1000000,2
1.9757410888671876,2.14069384765625,1.573580322265625,17:03:34,"[-0.4672880470752716, -0.1807936728000641, 0.8654221892356873, -0.6345533728599548, 0.7501863837242126, -0.18590956926345825, -0.6156166791915894, -0.6360298991203308, -0.4652763903141022]",-100,43,1000000,2
1.9757855224609375,2.140669677734375,1.5735543212890626,17:03:35,"[-0.46730247139930725, -0.18046502768993378, 0.8654829859733582, -0.6344197392463684, 0.7502506375312805, -0.1861063688993454, -0.6157434582710266, -0.6360474228858948, -0.4650845527648926]",-100,43,1000000,2
1.975773681640625,2.140687744140625,1.573564697265625,17:03:36,"[-0.46686315536499023, -0.180111363530159, 0.8657936453819275, -0.6344416737556458, 0.750249445438385, -0.18603624403476715, -0.6160539984703064, -0.6361490488052368, -0.4645339846611023]",-100,43,1000000,2
1.9757362060546875,2.14065625,1.573584228515625,17:03:37,"[-0.4676174819469452, -0.18095630407333374, 0.8652101755142212, -0.6345300674438477, 0.7501723170280457, -0.1860460489988327, -0.6153905391693115, -0.6360002756118774, -0.4656158983707428]",-100,43,1000000,2
1.975787109375,2.140678955078125,1.57356396484375,17:03:38,"[-0.46705520153045654, -0.18000580370426178, 0.86571204662323, -0.6343691349029541, 0.7502591013908386, -0.18624486029148102, -0.6159831881523132, -0.636167585849762, -0.464602530002594]",-100,45,1000000,2
1.9757869873046876,2.140672119140625,1.57355810546875,17:03:39,"[-0.4670645594596863, -0.18048600852489471, 0.8656070232391357, -0.6345261335372925, 0.7501980662345886, -0.18595552444458008, -0.6158143281936646, -0.6361034512519836, -0.4649140238761902]",-100,52,1000000,2
1.9757974853515625,2.14067529296875,1.5735791015625,17:03:40,"[-0.46739235520362854, -0.18046893179416656, 0.8654336333274841, -0.6343408226966858, 0.7503130435943604, -0.18612389266490936, -0.6157565116882324, -0.6359727382659912, -0.46516937017440796]",-100,52,1000000,2
1.9757799072265625,2.140662109375,1.5735738525390626,17:03:41,"[-0.4674072265625, -0.18056432902812958, 0.8654056787490845, -0.6345095038414001, 0.7501559853553772, -0.1861819326877594, -0.6155714392662048, -0.6361308693885803, -0.4651980996131897]",-100,52,1000000,2
1.9757105712890626,2.1406728515625,1.5735753173828124,17:03:42,"[-0.4678347706794739, -0.1809162050485611, 0.8651010990142822, -0.6345475316047668, 0.7500972747802734, -0.18628881871700287, -0.615207314491272, -0.636100172996521, -0.4657214879989624]",-100,44,1000000,2
1.97579345703125,2.14066162109375,1.5735718994140624,17:03:43,"[-0.46746939420700073, -0.18066710233688354, 0.8653506636619568, -0.6345396041870117, 0.7501331567764282, -0.18617130815982819, -0.6154931783676147, -0.6361286640167236, -0.46530473232269287]",-100,47,1000000,2
1.975755859375,2.140667236328125,1.57357861328125,17:03:44,"[-0.4675457775592804, -0.18070471286773682, 0.8653015494346619, -0.6345574855804443, 0.7501057982444763, -0.1862206608057022, -0.6154167056083679, -0.6361502408981323, -0.4653763175010681]",-100,47,1000000,2
1.9757950439453125,2.1406689453125,1.573554443359375,17:03:45,"[-0.4673917293548584, -0.18023650348186493, 0.8654823899269104, -0.634368896484375, 0.7502341866493225, -0.18634600937366486, -0.6157280802726746, -0.6361317038536072, -0.46498966217041016]",-100,47,1000000,2
1.97578515625,2.14066552734375,1.5735556640625,17:03:46,"[-0.46739986538887024, -0.18048401176929474, 0.8654264211654663, -0.6344338059425354, 0.7502185106277466, -0.18618778884410858, -0.6156550049781799, -0.6360799074172974, -0.4651572108268738]",-100,47,1000000,2
1.9757801513671875,2.14067822265625,1.573561767578125,17:03:47,"[-0.4674129784107208, -0.18034517765045166, 0.8654482960700989, -0.6344016790390015, 0.75021892786026, -0.18629559874534607, -0.6156781911849976, -0.6361188292503357, -0.4650733470916748]",-100,52,1000000,2
1.975762451171875,2.140676513671875,1.573568115234375,17:03:48,"[-0.46764039993286133, -0.1804390847682953, 0.8653058409690857, -0.634436309337616, 0.7501527667045593, -0.18644410371780396, -0.615469753742218, -0.6361702084541321, -0.46527886390686035]",-100,45,1000000,2
1.9757232666015625,2.140703125,1.5736033935546876,17:03:49,"[-0.4673958420753479, -0.18072102963924408, 0.8653790950775146, -0.6345169544219971, 0.7501845359802246, -0.18604154884815216, -0.6155723929405212, -0.6360527873039246, -0.4653036892414093]",-100,45,1000000,2
1.975758056640625,2.140683837890625,1.5735579833984374,17:03:50,"[-0.4674464464187622, -0.1801542192697525, 0.8654699921607971, -0.6342872977256775, 0.7502885460853577, -0.1864047348499298, -0.6157706379890442, -0.636090874671936, -0.46498924493789673]",-100,45,1000000,2
1.9757855224609375,2.140664306640625,1.5735438232421874,17:03:51,"[-0.4672985076904297, -0.18037264049053192, 0.8655043840408325, -0.6344093084335327, 0.7502424120903015, -0.18617506325244904, -0.615757167339325, -0.6360833644866943, -0.46501725912094116]",-100,51,1000000,2
1.9757882080078124,2.140673828125,1.573551025390625,17:03:52,"[-0.467174768447876, -0.18003858625888824, 0.8656406998634338, -0.6343840956687927, 0.7502241134643555, -0.1863347291946411, -0.615877091884613, -0.6361995935440063, -0.464699387550354]",-100,51,1000000,2
1.9757860107421874,2.14063916015625,1.5735711669921875,17:03:53,"[-0.4676671028137207, -0.1806917041540146, 0.8652386665344238, -0.6345286965370178, 0.7501057386398315, -0.18631888926029205, -0.6153542399406433, -0.6361539959907532, -0.4654538631439209]",-100,51,1000000,2
1.9758004150390625,2.140655029296875,1.5735926513671874,17:03:54,"[-0.4672345817089081, -0.18088336288928986, 0.8654323220252991, -0.6345857977867126, 0.7501839995384216, -0.1858084350824356, -0.6156238317489624, -0.6360071897506714, -0.4652979373931885]",-100,51,1000000,2
1.975755126953125,2.1406708984375,1.573576171875,17:03:55,"[-0.4672549366950989, -0.18038567900657654, 0.8655251860618591, -0.6344760060310364, 0.7501859664916992, -0.18617510795593262, -0.6157215237617493, -0.6361461877822876, -0.46497848629951477]",-100,51,1000000,2
1.97577099609375,2.140691162109375,1.573567138671875,17:03:56,"[-0.4672771394252777, -0.180246502161026, 0.8655421733856201, -0.6344041228294373, 0.7502253651618958, -0.18626132607460022, -0.6157787442207336, -0.6361392140388489, -0.4649122953414917]",-100,51,1000000,2
1.9757939453125,2.140662353515625,1.573547607421875,17:03:57,"[-0.46758535504341125, -0.18046070635318756, 0.8653310537338257, -0.6343820095062256, 0.7502257823944092, -0.1863349974155426, -0.6155675649642944, -0.6360780000686646, -0.4652756154537201]",-100,51,1000000,2
1.975785888671875,2.14065869140625,1.5735711669921875,17:03:58,"[-0.46739813685417175, -0.18056872487068176, 0.8654096722602844, -0.6344707012176514, 0.750199019908905, -0.18614067137241364, -0.6156182885169983, -0.6360788941383362, -0.46520718932151794]",-100,51,1000000,2
1.9757454833984376,2.14067333984375,1.5735909423828125,17:03:59,"[-0.4672900438308716, -0.1806447058916092, 0.865452229976654, -0.6345317959785461, 0.7501763105392456, -0.18602414429187775, -0.6156374216079712, -0.6360841393470764, -0.46517470479011536]",-100,51,1000000,2
1.9757822265625,2.140666015625,1.57356005859375,17:04:00,"[-0.4674341678619385, -0.18037651479244232, 0.8654302954673767, -0.6343578696250916, 0.7502662539482117, -0.1862543225288391, -0.6157072186470032, -0.6360541582107544, -0.46512332558631897]",-100,51,1000000,2
1.9757677001953124,2.140662353515625,1.5735797119140624,17:04:01,"[-0.46729302406311035, -0.18031862378120422, 0.8655185699462891, -0.6344249844551086, 0.7502158284187317, -0.18622879683971405, -0.6157451868057251, -0.6361300349235535, -0.464969277381897]",-100,49,1000000,2
1.9757757568359375,2.140670166015625,1.573559326171875,17:04:02,"[-0.4674091041088104, -0.1803145855665207, 0.865456759929657, -0.634333610534668, 0.7502835392951965, -0.18626722693443298, -0.6157512664794922, -0.6360512971878052, -0.4650689661502838]",-100,49,1000000,2
1.975800048828125,2.140646728515625,1.5735528564453125,17:04:03,"[-0.4674040973186493, -0.18044281005859375, 0.8654327392578125, -0.6343976855278015, 0.7502460479736328, -0.18619999289512634, -0.6156890392303467, -0.6360591650009155, -0.46514058113098145]",-100,49,1000000,2
1.9757816162109374,2.1406640625,1.573567626953125,17:04:04,"[-0.4676987826824188, -0.18084651231765747, 0.8651891946792603, -0.6344209909439087, 0.7502433061599731, -0.1861315816640854, -0.6154412031173706, -0.6359477043151855, -0.4656207263469696]",-100,51,1000000,2
1.9757628173828126,2.140671875,1.5735791015625,17:04:05,"[-0.4676710367202759, -0.1807708740234375, 0.8652200102806091, -0.6345099210739136, 0.7501413226127625, -0.1862395703792572, -0.6153706312179565, -0.6360895037651062, -0.46552029252052307]",-100,52,1000000,3
1.97577197265625,2.14065869140625,1.5735391845703126,17:04:06,"[-0.4674959182739258, -0.18044719099998474, 0.865382194519043, -0.6344515085220337, 0.7501709461212158, -0.18631912767887115, -0.6155638098716736, -0.6361464858055115, -0.46518683433532715]",-100,52,1000000,3
1.975755615234375,2.14067822265625,1.5735819091796874,17:04:07,"[-0.4672883450984955, -0.18054446578025818, 0.8654740452766418, -0.6345564723014832, 0.7501295804977417, -0.186128169298172, -0.6156132817268372, -0.6361676454544067, -0.4650924801826477]",-100,52,1000000,3
1.9757518310546875,2.140662841796875,1.573583984375,17:04:08,"[-0.46760663390159607, -0.18087945878505707, 0.8652321696281433, -0.6346076130867004, 0.750078022480011, -0.186161607503891, -0.6153188347816467, -0.6361333131790161, -0.4655289351940155]",-100,46,1000000,2
1.9757896728515625,2.140665283203125,1.5735584716796875,17:04:09,"[-0.4673188030719757, -0.18026454746723175, 0.865515947341919, -0.6344465017318726, 0.7501762509346008, -0.18631498515605927, -0.6157035231590271, -0.6361920237541199, -0.4649396538734436]",-100,46,1000000,2
1.975754638671875,2.14068701171875,1.5735645751953125,17:04:10,"[-0.4672706425189972, -0.1804797351360321, 0.8654971122741699, -0.6344321966171265, 0.7502480149269104, -0.18607451021671295, -0.6157547831535339, -0.6360463500022888, -0.46507102251052856]",-100,42,1000000,1
1.9757794189453124,2.140664306640625,1.5735753173828124,17:04:11,"[-0.46713799238204956, -0.18033932149410248, 0.8655979633331299, -0.6344677805900574, 0.7502105236053467, -0.18610434234142303, -0.6158187985420227, -0.6361303925514221, -0.4648713171482086]",-100,42,1000000,1
1.975769775390625,2.140673828125,1.573550048828125,17:04:12,"[-0.4676521420478821, -0.18036702275276184, 0.8653144836425781, -0.6344144940376282, 0.7501571774482727, -0.18650060892105103, -0.6154833436012268, -0.6361854672431946, -0.4652400612831116]",-100,42,1000000,1
1.9757601318359375,2.140683349609375,1.5735836181640626,17:04:13,"[-0.46745404601097107, -0.18064837157726288, 0.8653628826141357, -0.6344533562660217, 0.7502216696739197, -0.18610858917236328, -0.6155937314033508, -0.6360295414924622, -0.4653071165084839]",-100,47,1000000,1
1.9757606201171876,2.140666015625,1.573556640625,17:04:14,"[-0.46755853295326233, -0.18054066598415375, 0.8653289079666138, -0.6345300078392029, 0.7500960230827332, -0.18635348975658417, -0.6154354214668274, -0.6362082958221436, -0.46527227759361267]",-100,51,1000000,2
1.9757896728515625,2.14064892578125,1.5735665283203124,17:04:15,"[-0.46739980578422546, -0.18019872903823853, 0.8654859066009521, -0.6343827247619629, 0.7502099275588989, -0.18639643490314484, -0.6157076954841614, -0.6361709833145142, -0.4649629294872284]",-100,51,1000000,2
1.9757991943359374,2.14066064453125,1.5735321044921875,17:04:16,"[-0.46720626950263977, -0.17989623546600342, 0.8656533360481262, -0.6343684196472168, 0.7502025961875916, -0.1864745169878006, -0.6158692836761475, -0.636265218257904, -0.46461984515190125]",-100,51,1000000,2
1.975747314453125,2.140663330078125,1.573565673828125,17:04:17,"[-0.46772170066833496, -0.18068628013134003, 0.8652102947235107, -0.6345112323760986, 0.7501104474067688, -0.18635931611061096, -0.6153307557106018, -0.6361499428749084, -0.4654904007911682]",-100,51,1000000,2
1.97576513671875,2.14066943359375,1.573578125,17:04:18,"[-0.4674132466316223, -0.18064716458320618, 0.8653851747512817, -0.6345242857933044, 0.7501571178436279, -0.1861267238855362, -0.6155515909194946, -0.636106014251709, -0.46525838971138]",-100,43,1000000,2
1.975780029296875,2.1406669921875,1.5735455322265626,17:04:19,"[-0.4670741856098175, -0.180193230509758, 0.8656628131866455, -0.6344804167747498, 0.7501802444458008, -0.1861833781003952, -0.6158541440963745, -0.6362075209617615, -0.46471890807151794]",-100,51,1000000,2
1.9757552490234376,2.140677490234375,1.5735362548828125,17:04:20,"[-0.46725425124168396, -0.17999933660030365, 0.8656059503555298, -0.6343649625778198, 0.7502176761627197, -0.18642552196979523, -0.6158364415168762, -0.636218249797821, -0.4647276997566223]",-100,51,1000000,2
1.97575927734375,2.140689453125,1.573577392578125,17:04:21,"[-0.46748536825180054, -0.1803477257490158, 0.8654086589813232, -0.6343759894371033, 0.7502299547195435, -0.18633881211280823, -0.6156497001647949, -0.6361051201820374, -0.4651297926902771]",-100,52,1000000,2
1.97575732421875,2.1406748046875,1.5735537109375,17:04:22,"[-0.4673585593700409, -0.18040330708026886, 0.8654655814170837, -0.6343397498130798, 0.750307559967041, -0.1861496865749359, -0.6157833337783813, -0.6359978318214417, -0.46509963274002075]",-100,52,1000000,2
1.975747802734375,2.140678466796875,1.57355810546875,17:04:23,"[-0.46778643131256104, -0.18076275289058685, 0.8651593327522278, -0.6344906687736511, 0.750133752822876, -0.1863354742527008, -0.6153027415275574, -0.636100709438324, -0.46559467911720276]",-100,50,1000000,2
1.975760009765625,2.140687255859375,1.5735638427734375,17:04:24,"[-0.4674350321292877, -0.18034471571445465, 0.8654364943504333, -0.6343032717704773, 0.7503156065940857, -0.18624141812324524, -0.6157628297805786, -0.6360049247741699, -0.46511703729629517]",-100,50,1000000,2
1.975757080078125,2.140692626953125,1.5735465087890625,17:04:25,"[-0.4677795171737671, -0.18041685223579407, 0.8652352690696716, -0.6343297958374023, 0.7502270340919495, -0.18650753796100616, -0.6154738068580627, -0.6360889077186584, -0.4653846323490143]",-100,50,1000000,2
1.975769775390625,2.140685791015625,1.573555908203125,17:04:26,"[-0.4673636555671692, -0.18036463856697083, 0.8654708862304688, -0.6344597935676575, 0.7501740455627441, -0.18627844750881195, -0.615655779838562, -0.6361662149429321, -0.4650382101535797]",-100,41,1000000,1
1.975760498046875,2.140673828125,1.5735438232421874,17:04:27,"[-0.4673459231853485, -0.18022848665714264, 0.8655087947845459, -0.634376049041748, 0.7502351999282837, -0.1863173544406891, -0.6157554984092712, -0.6361327171325684, -0.4649519920349121]",-100,52,1000000,3
1.9757838134765624,2.1406748046875,1.573577392578125,17:04:28,"[-0.4672122895717621, -0.18054386973381042, 0.8655152320861816, -0.6344746947288513, 0.7502308487892151, -0.185998797416687, -0.6157552599906921, -0.636048436164856, -0.465067595243454]",-100,52,1000000,3
1.975747802734375,2.140691162109375,1.5735802001953125,17:04:29,"[-0.4672333598136902, -0.18065795302391052, 0.8654800653457642, -0.6344380378723145, 0.7502885460853577, -0.18589109182357788, -0.6157770156860352, -0.6359480023384094, -0.4651761054992676]",-100,52,1000000,3
1.975760986328125,2.140667236328125,1.573579833984375,17:04:30,"[-0.4672471880912781, -0.18027573823928833, 0.8655522465705872, -0.6344287991523743, 0.7502128481864929, -0.18622779846191406, -0.6157760620117188, -0.6361457109451294, -0.4649069607257843]",-100,42,1000000,1
1.9757506103515625,2.140668701171875,1.5735826416015626,17:04:31,"[-0.46763426065444946, -0.18070678412914276, 0.8652532696723938, -0.6344686150550842, 0.7501783967018127, -0.18623094260692596, -0.6154411435127258, -0.6360639929771423, -0.4654619097709656]",-100,42,1000000,1
1.975740966796875,2.1406826171875,1.5735704345703125,17:04:32,"[-0.46760064363479614, -0.18060356378555298, 0.865293025970459, -0.6345016956329346, 0.7501294612884521, -0.18631534278392792, -0.6154325604438782, -0.6361510753631592, -0.4653542935848236]",-100,42,1000000,1
1.9757861328125,2.140669189453125,1.573562744140625,17:04:33,"[-0.4673859477043152, -0.18038396537303925, 0.8654547929763794, -0.6344109773635864, 0.750223696231842, -0.18624480068683624, -0.6156890988349915, -0.6361022591590881, -0.4650815725326538]",-100,42,1000000,1
1.9757579345703125,2.140669189453125,1.57357958984375,17:04:34,"[-0.4675604999065399, -0.18070124089717865, 0.8652942776679993, -0.63451087474823, 0.7501499056816101, -0.18620163202285767, -0.6154536008834839, -0.6360992193222046, -0.4653973877429962]",-100,42,1000000,1
1.975773193359375,2.140661865234375,1.5735789794921875,17:04:35,"[-0.46702566742897034, -0.1804889440536499, 0.8656273484230042, -0.6345428824424744, 0.750190019607544, -0.18593081831932068, -0.6158265471458435, -0.6361121535301208, -0.46488597989082336]",-100,48,1000000,2
1.9757392578125,2.140666748046875,1.57358740234375,17:04:36,"[-0.4674244821071625, -0.18065397441387177, 0.86537766456604, -0.6345511674880981, 0.7501283288002014, -0.1861511915922165, -0.6155153512954712, -0.6361380219459534, -0.4652625322341919]",-100,51,1000000,1
1.975775390625,2.140666015625,1.5735537109375,17:04:37,"[-0.4674897789955139, -0.18040259182453156, 0.8653948307037354, -0.6344577670097351, 0.7501562237739563, -0.18635699152946472, -0.6155620813369751, -0.6361764669418335, -0.4651482105255127]",-100,51,1000000,1
1.9757349853515624,2.140668212890625,1.5735787353515625,17:04:38,"[-0.46748197078704834, -0.1804215908050537, 0.8653950691223145, -0.6344174146652222, 0.7502037882804871, -0.1863030344247818, -0.6156095862388611, -0.6361150145530701, -0.46516934037208557]",-100,51,1000000,1
1.97574951171875,2.140658935546875,1.5735697021484376,17:04:39,"[-0.46758559346199036, -0.18077921867370605, 0.8652644753456116, -0.6345463395118713, 0.750124454498291, -0.18618331849575043, -0.6153979897499084, -0.6361070275306702, -0.4654601812362671]",-100,51,1000000,2
1.9757520751953126,2.1406728515625,1.5735762939453124,17:04:40,"[-0.46760159730911255, -0.18094520270824432, 0.8652211427688599, -0.6345982551574707, 0.7501029968261719, -0.1860930174589157, -0.615332305431366, -0.6360851526260376, -0.4655768573284149]",-100,50,1000000,2
1.9757664794921874,2.14066650390625,1.5735653076171876,17:04:41,"[-0.46770524978637695, -0.18072398006916046, 0.8652113080024719, -0.6345359683036804, 0.7500966787338257, -0.18633060157299042, -0.615317702293396, -0.6361554861068726, -0.46550002694129944]",-100,50,1000000,2
1.9757772216796874,2.14065576171875,1.573559326171875,17:04:42,"[-0.4676593542098999, -0.18069221079349518, 0.8652427792549133, -0.6344589591026306, 0.750179648399353, -0.18625877797603607, -0.6154319643974304, -0.6360666751861572, -0.4654703140258789]",-100,50,1000000,2
1.97573779296875,2.14068310546875,1.5735694580078126,17:04:43,"[-0.467583566904068, -0.18054838478565216, 0.8653137683868408, -0.6344395875930786, 0.7501855492591858, -0.18630090355873108, -0.615509569644928, -0.6361005902290344, -0.46532148122787476]",-100,49,1000000,2
1.97575341796875,2.140662841796875,1.5735889892578125,17:04:44,"[-0.46726372838020325, -0.18060313165187836, 0.865475058555603, -0.6345291137695312, 0.750175952911377, -0.18603459000587463, -0.6156601905822754, -0.6360963582992554, -0.46512797474861145]",-100,48,1000000,2
1.9757603759765625,2.140674560546875,1.5735767822265625,17:04:45,"[-0.4676534831523895, -0.1806633472442627, 0.8652519583702087, -0.6344332695007324, 0.7502012848854065, -0.18625910580158234, -0.6154629588127136, -0.6360493302345276, -0.4654530882835388]",-100,48,1000000,2
1.975771484375,2.14066064453125,1.573583984375,17:04:46,"[-0.4675467014312744, -0.18096336722373962, 0.8652469515800476, -0.6345471739768982, 0.7501718401908875, -0.18598945438861847, -0.6154266595840454, -0.6359987854957581, -0.4655701816082001]",-100,48,1000000,2
1.97576123046875,2.140667236328125,1.5735887451171875,17:04:47,"[-0.46730273962020874, -0.18066604435443878, 0.8654409050941467, -0.6345669031143188, 0.7501417398452759, -0.18604359030723572, -0.6155915260314941, -0.6361188292503357, -0.46518799662590027]",-100,48,1000000,2
1.97577783203125,2.140669921875,1.573562744140625,17:04:48,"[-0.467333048582077, -0.18051108717918396, 0.8654568791389465, -0.6344440579414368, 0.7502285838127136, -0.18611222505569458, -0.6156951785087585, -0.636060357093811, -0.4651308059692383]",-100,48,1000000,2
1.975775634765625,2.140658203125,1.5735592041015625,17:04:49,"[-0.4675803482532501, -0.1803794503211975, 0.8653507232666016, -0.6344615817070007, 0.7501271963119507, -0.18646107614040375, -0.6154893636703491, -0.6362172961235046, -0.46518856287002563]",-100,49,1000000,2
1.9757791748046876,2.140652587890625,1.5735731201171874,17:04:50,"[-0.467621386051178, -0.1806650161743164, 0.8652689456939697, -0.6343945264816284, 0.7502488493919373, -0.1861995905637741, -0.6155272722244263, -0.6359927654266357, -0.46544530987739563]",-100,49,1000000,2
1.975802978515625,2.14066552734375,1.5735399169921875,17:04:51,"[-0.46730226278305054, -0.18012872338294983, 0.8655531406402588, -0.6344320178031921, 0.7501656413078308, -0.1864069700241089, -0.6157309412956238, -0.6362430453300476, -0.464833527803421]",-100,49,1000000,2
1.9757611083984374,2.140675048828125,1.573578125,17:04:52,"[-0.467354416847229, -0.18067708611488342, 0.8654106855392456, -0.6345353722572327, 0.7501652240753174, -0.186056450009346, -0.6155848503112793, -0.6360880136489868, -0.465239018201828]",-100,51,1000000,2
1.9757784423828124,2.1406748046875,1.573559326171875,17:04:53,"[-0.46722328662872314, -0.18029367923736572, 0.8655614256858826, -0.6343732476234436, 0.7502793669700623, -0.18614892661571503, -0.6158514022827148, -0.6360621452331543, -0.4649214744567871]",-100,44,1000000,1
1.97576220703125,2.14068017578125,1.57357080078125,17:04:54,"[-0.4671643376350403, -0.18059061467647552, 0.865531325340271, -0.6345425844192505, 0.7501813769340515, -0.1859666109085083, -0.6157217025756836, -0.6360934972763062, -0.46505042910575867]",-100,44,1000000,1
1.9757769775390626,2.140663818359375,1.573578125,17:04:55,"[-0.4671624004840851, -0.18040752410888672, 0.8655705451965332, -0.6344274878501892, 0.7502613663673401, -0.18603666126728058, -0.6158417463302612, -0.6360510587692261, -0.4649493992328644]",-100,44,1000000,1
1.975745361328125,2.140673583984375,1.57356005859375,17:04:56,"[-0.4672991931438446, -0.18042153120040894, 0.8654937744140625, -0.6345419883728027, 0.750115692615509, -0.1862334907054901, -0.615619957447052, -0.6362189054489136, -0.4650135040283203]",-100,46,1000000,1
1.975743408203125,2.140663818359375,1.5735740966796874,17:04:57,"[-0.467367947101593, -0.18050579726696014, 0.8654391169548035, -0.6345043182373047, 0.7501574158668518, -0.186193585395813, -0.6156066060066223, -0.6361457705497742, -0.4651312530040741]",-100,46,1000000,1
1.975728759765625,2.140669677734375,1.5735823974609375,17:04:58,"[-0.4675958752632141, -0.18052394688129425, 0.8653122186660767, -0.6344811916351318, 0.7501345276832581, -0.1863645762205124, -0.61545729637146, -0.6361676454544067, -0.4652988612651825]",-100,46,1000000,1
1.9757442626953126,2.1406689453125,1.5735496826171875,17:04:59,"[-0.4672756493091583, -0.18027397990226746, 0.8655372858047485, -0.6343938112258911, 0.750242292881012, -0.18622837960720062, -0.6157905459403992, -0.6361114382743835, -0.46493464708328247]",-100,46,1000000,1
1.97578369140625,2.14066064453125,1.57356005859375,17:05:00,"[-0.4673846662044525, -0.18027448654174805, 0.8654782772064209, -0.6343555450439453, 0.750257670879364, -0.18629670143127441, -0.6157472133636475, -0.6360931992530823, -0.46501705050468445]",-100,52,1000000,2
1.9757796630859374,2.140666015625,1.5735423583984376,17:05:01,"[-0.4673675000667572, -0.18024374544620514, 0.8654939532279968, -0.6344020366668701, 0.7502068877220154, -0.18634304404258728, -0.6157123446464539, -0.6361618041992188, -0.46496930718421936]",-100,52,1000000,2
1.9757603759765625,2.140690185546875,1.573552734375,17:05:02,"[-0.467327356338501, -0.18021628260612488, 0.8655213713645935, -0.6343872547149658, 0.7502251267433167, -0.1863197684288025, -0.6157580018043518, -0.6361480355262756, -0.46492764353752136]",-100,45,1000000,2
1.97572607421875,2.140691162109375,1.5735816650390626,17:05:03,"[-0.4674924910068512, -0.18082423508167267, 0.8653053641319275, -0.634547770023346, 0.7501533627510071, -0.18606194853782654, -0.6154671907424927, -0.6360601782798767, -0.46543267369270325]",-100,45,1000000,2
1.97571533203125,2.140673828125,1.5735732421875,17:05:04,"[-0.4675539433956146, -0.1804109513759613, 0.8653584122657776, -0.634451150894165, 0.7501506209373474, -0.18640223145484924, -0.615520179271698, -0.6361807584762573, -0.4651978015899658]",-100,45,1000000,2
1.975762939453125,2.140689208984375,1.573561767578125,17:05:05,"[-0.46723586320877075, -0.180110901594162, 0.8655927181243896, -0.6343390345573425, 0.7502726316452026, -0.18629278242588043, -0.6158771514892578, -0.6361218690872192, -0.46480563282966614]",-100,53,1000000,2
1.975774169921875,2.140666259765625,1.5735589599609374,17:05:06,"[-0.4675038158893585, -0.18035788834095, 0.8653965592384338, -0.6343304514884949, 0.7502750158309937, -0.18631215393543243, -0.6156826019287109, -0.6360490322113037, -0.4651629626750946]",-100,47,1000000,2
1.9757950439453125,2.140658203125,1.5735643310546874,17:05:07,"[-0.46757692098617554, -0.1807347536087036, 0.865278422832489, -0.6345188021659851, 0.7501453161239624, -0.1861932873725891, -0.6154329180717468, -0.6360951066017151, -0.46543022990226746]",-100,47,1000000,2
1.97577685546875,2.140660400390625,1.5735633544921874,17:05:08,"[-0.46741193532943726, -0.18030808866024017, 0.8654565811157227, -0.6344240307807922, 0.7501880526542664, -0.186343714594841, -0.6156558990478516, -0.6361657381057739, -0.4650386571884155]",-100,47,1000000,2
1.97577783203125,2.140671630859375,1.5735616455078125,17:05:09,"[-0.46744948625564575, -0.18018880486488342, 0.8654611110687256, -0.6343531012535095, 0.7502273917198181, -0.18642713129520416, -0.6157005429267883, -0.6361532211303711, -0.46499672532081604]",-100,49,1000000,2
1.9757330322265625,2.140685546875,1.5735733642578125,17:05:10,"[-0.46737414598464966, -0.18054845929145813, 0.8654268383979797, -0.6344841718673706, 0.7501860857009888, -0.18614692986011505, -0.6156226396560669, -0.6360998749732971, -0.46517273783683777]",-100,49,1000000,2
1.9757535400390625,2.14067724609375,1.5735556640625,17:05:11,"[-0.4672609865665436, -0.18017442524433136, 0.8655658960342407, -0.634459376335144, 0.7501564025878906, -0.18635103106498718, -0.6157341003417969, -0.6362409591674805, -0.4648321568965912]",-100,47,1000000,2
1.975721923828125,2.14069482421875,1.573578857421875,17:05:12,"[-0.4673798382282257, -0.18069832026958466, 0.8653925061225891, -0.6345169544219971, 0.7501831650733948, -0.18604691326618195, -0.6155845522880554, -0.6360607743263245, -0.4652766287326813]",-100,47,1000000,2
1.9757467041015624,2.140670166015625,1.5735750732421876,17:05:13,"[-0.4672561585903168, -0.1809360831975937, 0.8654096126556396, -0.6346917748451233, 0.7500810623168945, -0.18586215376853943, -0.6154982447624207, -0.6361135840415955, -0.4653186500072479]",-100,47,1000000,2
1.9757650146484376,2.1406572265625,1.57355908203125,17:05:14,"[-0.4676644206047058, -0.18057586252689362, 0.8652642965316772, -0.6344471573829651, 0.7501657009124756, -0.18635523319244385, -0.6154403686523438, -0.6361162066459656, -0.4653916358947754]",-100,51,1000000,2
1.9757740478515624,2.14069970703125,1.573536865234375,17:05:15,"[-0.4671984910964966, -0.18011152744293213, 0.8656127452850342, -0.634452760219574, 0.7501636147499084, -0.18634457886219025, -0.6157883405685425, -0.6362502574920654, -0.4647475481033325]",-100,43,1000000,1
1.9757757568359375,2.140663330078125,1.5735447998046874,17:05:16,"[-0.46731674671173096, -0.18024756014347076, 0.8655205965042114, -0.6344741582870483, 0.7501444816589355, -0.18634875118732452, -0.6156765818595886, -0.6362343430519104, -0.46491748094558716]",-100,43,1000000,1
1.9757607421875,2.14065869140625,1.57355224609375,17:05:17,"[-0.46743154525756836, -0.18041156232357025, 0.865424394607544, -0.6344498991966248, 0.7501792907714844, -0.18629111349582672, -0.6156144142150879, -0.6361467838287354, -0.46511954069137573]",-100,43,1000000,1
1.975799560546875,2.140672607421875,1.5735631103515626,17:05:18,"[-0.46732303500175476, -0.18033255636692047, 0.8654994964599609, -0.634369969367981, 0.7502689361572266, -0.18620207905769348, -0.6157791018486023, -0.6360633969306946, -0.4650155305862427]",-100,47,1000000,2
1.975777587890625,2.1406826171875,1.5735538330078125,17:05:19,"[-0.46732378005981445, -0.1800602823495865, 0.8655557632446289, -0.6343169212341309, 0.7502650022506714, -0.1863986998796463, -0.6158331632614136, -0.6361452341079712, -0.46483197808265686]",-100,47,1000000,2
1.9757637939453125,2.140662841796875,1.573552978515625,17:05:20,"[-0.46749410033226013, -0.18067501485347748, 0.8653356432914734, -0.6344442367553711, 0.7502278685569763, -0.18611449003219604, -0.6155726909637451, -0.6360146999359131, -0.4653553366661072]",-100,47,1000000,2
1.9757696533203124,2.14066064453125,1.5735726318359375,17:05:21,"[-0.46770039200782776, -0.1807776391506195, 0.8652027249336243, -0.6344584226608276, 0.750189483165741, -0.18622106313705444, -0.6154013872146606, -0.6360307931900024, -0.46555981040000916]",-100,47,1000000,2
1.9757760009765626,2.140662353515625,1.5735516357421875,17:05:22,"[-0.4674079716205597, -0.180429607629776, 0.865433394908905, -0.6345230937004089, 0.7501127123832703, -0.18630968034267426, -0.6155568361282349, -0.6362200975418091, -0.4650954306125641]",-100,48,1000000,1
1.9757635498046875,2.14069482421875,1.57357958984375,17:05:23,"[-0.46722790598869324, -0.18034124374389648, 0.8655490279197693, -0.6344219446182251, 0.7502382397651672, -0.18614861369132996, -0.615797758102417, -0.6360971331596375, -0.4649446904659271]",-100,51,1000000,2
1.975780517578125,2.140659912109375,1.5735484619140625,17:05:24,"[-0.4671318531036377, -0.18030677735805511, 0.8656080365180969, -0.6345189213752747, 0.750152051448822, -0.1861656755208969, -0.615770697593689, -0.6362085938453674, -0.4648279845714569]",-100,51,1000000,2
1.9757962646484375,2.140659912109375,1.573559326171875,17:05:25,"[-0.467367947101593, -0.18003495037555695, 0.865537166595459, -0.6342240571975708, 0.7503456473350525, -0.18639010190963745, -0.6158953309059143, -0.6360572576522827, -0.46486997604370117]",-100,51,1000000,2
1.9757723388671875,2.140673828125,1.5735592041015625,17:05:26,"[-0.46746912598609924, -0.1804100126028061, 0.8654044270515442, -0.6344457268714905, 0.750174880027771, -0.18632298707962036, -0.6155901551246643, -0.636152446269989, -0.46514394879341125]",-100,51,1000000,2
1.975732421875,2.14068896484375,1.573562744140625,17:05:27,"[-0.4673697352409363, -0.18027335405349731, 0.8654865622520447, -0.6344078779220581, 0.7502066493034363, -0.1863238364458084, -0.6157045960426331, -0.6361536383628845, -0.4649907350540161]",-100,51,1000000,2
1.97576318359375,2.1406826171875,1.5735675048828126,17:05:28,"[-0.4674946069717407, -0.18033961951732635, 0.8654053211212158, -0.6343621611595154, 0.7502403855323792, -0.186343714594841, -0.6156569123268127, -0.6360951066017151, -0.4651339650154114]",-100,52,1000000,2
1.9757401123046876,2.1406943359375,1.5735755615234375,17:05:29,"[-0.4674152433872223, -0.18057288229465485, 0.8653995990753174, -0.6344376802444458, 0.7502301931381226, -0.1861274391412735, -0.615639328956604, -0.6360409259796143, -0.4652312994003296]",-100,52,1000000,2
1.9757330322265625,2.1406845703125,1.57357275390625,17:05:30,"[-0.46733227372169495, -0.18037299811840057, 0.8654860854148865, -0.6344339847564697, 0.7502095103263855, -0.1862235963344574, -0.6157061457633972, -0.6361220479011536, -0.4650318920612335]",-100,52,1000000,2
