timestamp,x,y,z,utc,rm,dbm,buffer_voltage_mv,resistance,pwr_nw
1718783794.3882627,1.16882177734375,2.027791015625,0.254980224609375,09:56:32,"[0.9999960660934448, -0.002022860571742058, 0.0019550174474716187, 0.0020222978200763464, 0.9999979138374329, 0.0002898857637774199, -0.001955599756911397, -0.00028593098977580667, 0.9999980330467224]",-22.250990173662892,49,1000000,2
1718783794.960249,1.168748779296875,2.0279403076171874,0.2548773498535156,09:56:33,"[0.9999990463256836, 0.00046432853559963405, 0.0013161473907530308, -0.00046308356104418635, 0.999999463558197, -0.0009460561559535563, -0.0013165859272703528, 0.0009454457904212177, 0.9999986886978149]",-22.3368379489362,48,1000000,2
1718783795.9308267,1.1693011474609376,2.0277196044921877,0.25492884826660156,09:56:34,"[0.9999938011169434, -0.003501662751659751, 0.00027787976432591677, 0.0035013938322663307, 0.9999933838844299, 0.0009625302627682686, -0.0002812483871821314, -0.0009615513263270259, 0.9999995231628418]",-22.309601686327497,145,1000000,20
1718783796.893453,1.1683489990234375,2.0279163818359374,0.2549761962890625,09:56:35,"[0.9999890923500061, 0.0013544849352911115, 0.004470117390155792, -0.0013491935096681118, 0.9999983906745911, -0.0011865306878462434, -0.004471716936677694, 0.0011804866371676326, 0.9999893307685852]",-22.37335341285239,149,1000000,22
1718783797.9155576,1.1687872314453125,2.027916748046875,0.25517417907714846,09:56:36,"[0.9999898672103882, 0.0008110388298518956, 0.0044235046952962875, -0.0008073300705291331, 0.9999993443489075, -0.0008401339873671532, -0.004424183163791895, 0.0008365542162209749, 0.9999898672103882]",-22.35614777834764,149,1000000,22
1718783798.9772196,1.168900634765625,2.0277784423828127,0.25482666015625,09:56:37,"[0.9999995827674866, -0.0009265732951462269, 5.536403932637768e-06, 0.0009265710832551122, 0.9999995231628418, 0.0003842830774374306, -5.892467470403062e-06, -0.0003842777805402875, 0.9999999403953552]",-22.322438291191993,147,1000000,21
1718783799.9878983,1.168529541015625,2.0276556396484375,0.2547705078125,09:56:38,"[0.9999959468841553, -0.0028206268325448036, 0.00041668585618026555, 0.0028204391710460186, 0.9999959468841553, 0.0004503503441810608, -0.00041795443394221365, -0.00044917326886206865, 0.9999998211860657]",-22.299430124722043,151,1000000,22
1718783800.9113705,1.16881787109375,2.027901123046875,0.25476148986816405,09:56:39,"[0.9999997019767761, 4.189573519397527e-05, -0.00073178147431463, -4.161618562648073e-05, 0.9999999403953552, 0.00038202633731998503, 0.0007317974232137203, -0.00038199577829800546, 0.9999996423721313]",-22.43674096032401,156,1000000,24
1718783801.8946228,1.16904443359375,2.0277557373046875,0.2548482818603516,09:56:40,"[0.9999985098838806, -0.0017188440542668104, -0.00024106826458591968, 0.0017190552316606045, 0.999998152256012, 0.0008785964455455542, 0.00023955764481797814, -0.000879009545315057, 0.9999995827674866]",-22.450112258470128,157,1000000,24
1718783802.936764,1.1685654296875,2.027772705078125,0.254767578125,09:56:41,"[0.9999996423721313, -0.0007398491143248975, 0.0003436919942032546, 0.0007397101144306362, 0.9999996423721313, 0.00040441969758830965, -0.000343991065165028, -0.0004041653301101178, 0.9999998807907104]",-22.379775924655128,156,1000000,24
1718783803.99786,1.1688011474609374,2.027713134765625,0.25493330383300783,09:56:42,"[0.9999966025352478, -0.0023608559276908636, 0.0011059708194807172, 0.0023603199515491724, 0.999997079372406, 0.0004856001178268343, -0.0011071140179410577, -0.000482988019939512, 0.9999992847442627]",-22.47252669772535,157,1000000,24
1718783804.9761643,1.16890478515625,2.0276854248046874,0.2546923065185547,09:56:43,"[0.9999918937683105, -0.0035580736584961414, -0.0018863113364204764, 0.0035586953163146973, 0.999993622303009, 0.0003263705293647945, 0.0018851379863917828, -0.000333080708514899, 0.999998152256012]",-30.628499374425985,156,1000000,24
1718783806.028623,1.1683634033203125,2.027911376953125,0.2549075469970703,09:56:44,"[0.9999948143959045, 0.0012509672669693828, 0.002958887256681919, -0.001247636042535305, 0.9999985694885254, -0.0011273978743702173, -0.002960293320938945, 0.0011237005237489939, 0.9999949932098389]",-30.509813941421136,56,1000000,3
1718783806.9972806,1.1686068115234376,2.0280142822265623,0.25520059204101564,09:56:45,"[0.9999799728393555, 0.00206999434158206, 0.0059844753704965115, -0.002058616140857339, 0.9999960660934448, -0.0019068021792918444, -0.005988398566842079, 0.001894444227218628, 0.9999802708625793]",-30.646340569582613,57,1000000,3
1718783807.9904096,1.1686446533203125,2.027761474609375,0.25485438537597654,09:56:46,"[0.9999988675117493, -0.0011473788181319833, 0.0009482801542617381, 0.0011473075719550252, 0.9999993443489075, 7.555880438303575e-05, -0.0009483662433922291, -7.447075040545315e-05, 0.9999995231628418]",-30.441729799119642,56,1000000,3
1718783808.9607205,1.169049072265625,2.027863037109375,0.2550067443847656,09:56:47,"[0.999997615814209, -0.0008890171884559095, 0.0019874898716807365, 0.0008896791259758174, 0.9999995231628418, -0.00033217965392395854, -0.001987193711102009, 0.0003339471004437655, 0.9999979734420776]",-30.46026636714815,56,1000000,3
1718783809.9587831,1.1684390869140624,2.0278392333984376,0.25469461059570314,09:56:48,"[1.0, -0.00012518595030996948, 1.5691941371187568e-05, 0.00012518517905846238, 1.0, 4.9721900722943246e-05, -1.56981659529265e-05, -4.971993621438742e-05, 1.0]",-30.424897385280815,56,1000000,3
1718783810.9997528,1.1686898193359374,2.027771484375,0.2547745208740234,09:56:49,"[0.9999985098838806, -0.0015720315277576447, 0.0007078048656694591, 0.0015714740147814155, 0.9999984502792358, 0.0007876703166402876, -0.0007090420112945139, -0.0007865568622946739, 0.999999463558197]",-30.43883084702938,56,1000000,3
1718783811.9725714,1.168685546875,2.0277584228515626,0.25476678466796876,09:56:50,"[0.9999985098838806, -0.0017286500660702586, -0.0001868778927018866, 0.0017286716029047966, 0.9999985098838806, 0.00011533691576914862, 0.00018667822587303817, -0.00011565978638827801, 1.0]",-30.40457373942108,56,1000000,3
1718783812.9558132,1.16867431640625,2.027667724609375,0.25495069885253907,09:56:51,"[0.9999906420707703, -0.003482995554804802, 0.002560584805905819, 0.003480748040601611, 0.9999935626983643, 0.000881726504303515, -0.0025636395439505577, -0.000872805539984256, 0.9999963045120239]",-30.474974540664455,56,1000000,3
1718783813.9589298,1.1689017333984375,2.02769580078125,0.2549634704589844,09:56:52,"[0.9999938011169434, -0.002979868557304144, 0.001888495753519237, 0.0029795258305966854, 0.9999955296516418, 0.00018417825049255043, -0.0018890361534431577, -0.00017855028272606432, 0.9999982118606567]",-30.369040937746014,56,1000000,3
1718783814.9498775,1.1691690673828126,2.0278541259765626,0.25503684997558596,09:56:53,"[0.9999963641166687, -0.0017924712738022208, 0.002024223795160651, 0.0017915413482114673, 0.9999982714653015, 0.0004611271433532238, -0.0020250468514859676, -0.000457498972536996, 0.9999978542327881]",-48.29411176080561,48,1000000,2
1718783815.9400122,1.168916015625,2.027819091796875,0.2548575439453125,09:56:54,"[0.9999994039535522, -0.0011159558780491352, -4.230256672599353e-05, 0.0011159591376781464, 0.9999994039535522, 7.877669122535735e-05, 4.221462950226851e-05, -7.882384670665488e-05, 1.0]",-48.294385314365165,49,1000000,2
1718783816.9954953,1.1688333740234376,2.02784228515625,0.25464573669433593,09:56:55,"[0.9999982118606567, -0.000957453390583396, -0.001613571890629828, 0.0009566461085341871, 0.9999994039535522, -0.0005009713349863887, 0.0016140505904331803, 0.0004994268529117107, 0.9999985694885254]",-48.19977772338804,49,1000000,2
1718783818.0028772,1.1685582275390625,2.027808837890625,0.25495046997070314,09:56:56,"[0.9999966621398926, -0.0005366491386666894, 0.002523273229598999, 0.0005392233724705875, 0.9999993443489075, -0.0010196289513260126, -0.002522724447771907, 0.001020986121147871, 0.9999963045120239]",-48.49629598201812,49,1000000,2
1718783818.954931,1.1685999755859375,2.0280457763671875,0.25498773193359375,09:56:57,"[0.9999922513961792, 0.0025751017965376377, 0.0029688277281820774, -0.002571289660409093, 0.9999958872795105, -0.0012871911749243736, -0.0029721299652010202, 0.001279547461308539, 0.9999947547912598]",-48.16685774652929,49,1000000,2
1718783819.9910517,1.1682239990234375,2.0279227294921873,0.2547886962890625,09:56:58,"[0.9999967217445374, 0.0014498446835204959, 0.0021065808832645416, -0.0014469479210674763, 0.9999980330467224, -0.0013760158326476812, -0.002108571818098426, 0.0013729631900787354, 0.9999968409538269]",-48.42044638752317,49,1000000,2
1718783820.9439862,1.16883837890625,2.0279617919921873,0.25490673828125,09:56:59,"[0.9999994039535522, 0.0005497251986525953, 0.0009369216859340668, -0.0005500604747794569, 0.9999997615814209, 0.0003576208255253732, -0.0009367248858325183, -0.00035813599242828786, 0.9999995231628418]",-48.52544260821357,49,1000000,2
1718783821.9733427,1.1685517578125,2.0278302001953126,0.2545379638671875,09:57:00,"[0.9999908208847046, -0.0009507394279353321, -0.0041767931543290615, 0.0009540831670165062, 0.9999992251396179, 0.0007986322161741555, 0.004176030866801739, -0.0008026098948903382, 0.9999909400939941]",-48.165833123341926,48,1000000,2
1718783822.982023,1.1690203857421875,2.0276610107421873,0.25510238647460937,09:57:01,"[0.9999898672103882, -0.0034698599483817816, 0.002867246512323618, 0.0034684250131249428, 0.9999938607215881, 0.0005052924389019608, -0.0028689822647720575, -0.0004953425377607346, 0.999995768070221]",-48.73617941847948,49,1000000,2
1718783823.9166303,1.1686715087890625,2.0277353515625,0.25466693115234373,09:57:02,"[0.9999973177909851, -0.001641680602915585, -0.0016462866915389895, 0.001642601448111236, 0.9999985098838806, 0.0005581311997957528, 0.0016453679418191314, -0.0005608338979072869, 0.9999985098838806]",-48.9713457213161,49,1000000,2
1718783824.9220011,1.168696044921875,2.0277935791015627,0.254753173828125,09:57:03,"[0.9999985694885254, -0.001620272290892899, -0.0004268979246262461, 0.001620612689293921, 0.9999983906745911, 0.0007982522947713733, 0.0004256038519088179, -0.0007989430450834334, 0.9999995827674866]",-28.328096335632523,49,1000000,2
1718783825.9037206,1.16906787109375,2.0279761962890626,0.2549775390625,09:57:04,"[0.999997615814209, 0.0011757240863516927, 0.001851397566497326, -0.0011736976448446512, 0.9999986886978149, -0.0010952444281429052, -0.0018526827916502953, 0.0010930688586086035, 0.9999976754188538]",-28.243207422373487,735,1000000,540
1718783826.979088,1.1684722900390625,2.02786083984375,0.25479461669921877,09:57:05,"[0.9999988079071045, 0.00010018757166108117, 0.0015399042749777436, -9.86470258794725e-05, 0.9999995231628418, -0.0010004584910348058, -0.0015400038100779057, 0.0010003054048866034, 0.9999983310699463]",-28.386718251608556,735,1000000,540
1718783827.9436958,1.16829833984375,2.02775537109375,0.2548619537353516,09:57:06,"[0.9999966621398926, -0.0009338243980892003, 0.002397009404376149, 0.000933163333684206, 0.9999995231628418, 0.00027688650880008936, -0.0023972669150680304, -0.0002746488025877625, 0.999997079372406]",-28.333423824605248,731,1000000,535
1718783828.9872248,1.168782470703125,2.0277833251953123,0.2549875183105469,09:57:07,"[0.9999942183494568, -0.0020582079887390137, 0.0027108201757073402, 0.0020588221959769726, 0.9999978542327881, -0.00022379797883331776, -0.0027103538159281015, 0.00022937777976039797, 0.9999963045120239]",-28.37424866366112,729,1000000,531
1718783829.9420989,1.1686915283203125,2.027763671875,0.2547367401123047,09:57:08,"[0.9999985098838806, -0.0016898930771276355, -0.00038973428308963776, 0.001689706346951425, 0.9999984502792358, -0.0004789081576745957, 0.000390542991226539, 0.0004782488977070898, 0.9999998211860657]",-28.27049476726406,729,1000000,531
1718783830.8844657,1.168707763671875,2.0277298583984376,0.25459100341796875,09:57:09,"[0.9999918937683105, -0.002212491584941745, -0.003370696911588311, 0.0022145425900816917, 0.9999973773956299, 0.0006048557115718722, 0.0033693499863147736, -0.0006123153143562376, 0.999994158744812]",-28.399626788657564,731,1000000,528
1718783831.9096875,1.168784423828125,2.0277725830078124,0.25514208984375,09:57:10,"[0.9999907612800598, -0.0017793813021853566, 0.003915926441550255, 0.0017793477745726705, 0.9999983906745911, 1.205484750244068e-05, -0.003915941342711449, -5.086941200715955e-06, 0.999992311000824]",-28.34950884395017,728,1000000,529
1718783832.8688116,1.1688094482421876,2.027791015625,0.2549753112792969,09:57:11,"[0.9999955892562866, -0.0016305557219311595, 0.0024923996534198523, 0.0016297150868922472, 0.9999986290931702, 0.00033924845047295094, -0.002492949366569519, -0.0003351850318722427, 0.9999968409538269]",-28.34418714728769,728,1000000,529
1718783833.913666,1.1684388427734376,2.02789013671875,0.2548223876953125,09:57:12,"[0.9999992847442627, 0.0002959379635285586, 0.0011687076184898615, -0.0002954793453682214, 0.9999998807907104, -0.0003925605269614607, -0.001168823684565723, 0.000392214918974787, 0.9999992251396179]",-28.36857591933711,730,1000000,532
1718783834.916642,1.1688939208984375,2.027657958984375,0.25473062133789065,09:57:13,"[0.9999930262565613, -0.003560376353561878, -0.0011198932770639658, 0.0035610951017588377, 0.9999934434890747, 0.0006406170432455838, 0.0011176051339134574, -0.0006446006009355187, 0.9999991655349731]",-29.675943858876266,49,1000000,2
1718783835.9261854,1.168921142578125,2.0278724365234373,0.2549636688232422,09:57:14,"[0.9999987483024597, -0.00031118126935325563, 0.0015379567630589008, 0.0003107697411905974, 0.9999999403953552, 0.00026781726046465337, -0.0015380398835986853, -0.00026733899721875787, 0.9999988079071045]",-29.77288418325307,49,1000000,2
1718783836.9126484,1.16894140625,2.02790771484375,0.25510076904296874,09:57:15,"[0.9999926686286926, -0.00025043499772436917, 0.0038248340133577585, 0.0002519360859878361, 0.9999998807907104, -0.0003919806331396103, -0.003824735525995493, 0.0003929413796868175, 0.9999926090240479]",-29.804003267780338,49,1000000,2
1718783837.933356,1.1693902587890626,2.0275904541015626,0.25522904968261717,09:57:16,"[0.9999735355377197, -0.00577150471508503, 0.004425203427672386, 0.005766949616372585, 0.9999828338623047, 0.0010413889540359378, -0.004431137815117836, -0.0010158414952456951, 0.9999896883964539]",-29.8900856014578,49,1000000,2
1718783839.0128965,1.1688363037109375,2.0278704833984373,0.25483868408203125,09:57:17,"[0.9999992251396179, -0.0005300972261466086, 0.001131590805016458, 0.0005320156342349946, 0.9999984502792358, -0.0016956925392150879, -0.001130690099671483, 0.0016962932422757149, 0.9999979138374329]",-29.812638770813983,50,1000000,2
1718783839.949889,1.1687957763671875,2.0277509765625,0.2549190673828125,09:57:18,"[0.9999971389770508, -0.0017957304371520877, 0.0015988259110599756, 0.0017956653609871864, 0.9999983906745911, 4.211575651424937e-05, -0.0015988989034667611, -3.924467819160782e-05, 0.9999987483024597]",-29.833907738152824,49,1000000,2
1718783840.9711194,1.168653076171875,2.0277833251953123,0.2549793701171875,09:57:19,"[0.9999973177909851, -0.0011914462083950639, 0.001981131499633193, 0.0011920052347704768, 0.9999992251396179, -0.00028100277995690703, -0.001980795292183757, 0.00028336356626823545, 0.9999979734420776]",-29.77808335090193,49,1000000,2
1718783842.0241516,1.168953857421875,2.027843994140625,0.25472360229492186,09:57:20,"[0.9999992847442627, -0.000516273605171591, -0.0010691559873521328, 0.000516644271556288, 0.9999998211860657, 0.0003464636392891407, 0.001068976940587163, -0.0003470157680567354, 0.9999993443489075]",-29.859725395580142,50,1000000,2
1718783843.0253272,1.1688944091796876,2.0276689453125,0.2546632080078125,09:57:21,"[0.9999920725822449, -0.0033893180079758167, -0.002099164528772235, 0.0033914344385266304, 0.9999937415122986, 0.0010055799502879381, 0.0020957430824637413, -0.0010126911802217364, 0.9999973177909851]",-29.6674459128158,50,1000000,2
1718783843.9899387,1.168519287109375,2.027759765625,0.2550326385498047,09:57:22,"[0.9999940395355225, -0.000742611417081207, 0.003370543010532856, 0.0007435883744619787, 0.9999997019767761, -0.00028860438033007085, -0.0033703274093568325, 0.00029110893956385553, 0.9999942779541016]",-29.175735644233143,50,1000000,2
1718783844.9786785,1.1688077392578125,2.027902099609375,0.2549971160888672,09:57:23,"[0.9999985694885254, 0.0001314088294748217, 0.0016960115171968937, -0.00013015804870519787, 0.9999997019767761, -0.0007375769782811403, -0.0016961080254986882, 0.00073735520709306, 0.9999982714653015]",-33.44287559468134,657,1000000,432
1718783845.9855165,1.1686815185546875,2.0278375244140623,0.2550383605957031,09:57:24,"[0.9999936819076538, -0.0008732382557354867, 0.0034416369162499905, 0.00087421212811023, 0.9999995827674866, -0.00028146657859906554, -0.00344138965010643, 0.00028447352815419436, 0.9999940395355225]",-33.19079084591504,657,1000000,432
1718783846.9623737,1.1687181396484374,2.02786328125,0.25464128112792966,09:57:25,"[0.9999987483024597, -0.00024969223886728287, -0.001561352633871138, 0.0002487859455868602, 0.9999998211860657, -0.0005806124536320567, 0.001561497338116169, 0.0005802232772111893, 0.9999986290931702]",-33.19332028664212,651,1000000,423
1718783847.989818,1.1684632568359374,2.0277890625,0.25465155029296876,09:57:26,"[0.9999995231628418, -0.0009924108162522316, -9.237325139110908e-05, 0.0009923314210027456, 0.9999991655349731, -0.0008560450514778495, 9.3222719442565e-05, 0.0008559529669582844, 0.9999996423721313]",-33.129136630569924,653,1000000,423
1718783848.9911203,1.1690418701171874,2.0277816162109374,0.2549110107421875,09:57:27,"[0.9999985694885254, -0.0013476861640810966, 0.0010095823090523481, 0.001348024350591004, 0.9999990463256836, -0.00033444876316934824, -0.0010091306176036596, 0.00033580922172404826, 0.999999463558197]",-33.0545651951151,654,1000000,427
1718783849.9817128,1.1686929931640626,2.0277640380859374,0.2546616821289063,09:57:28,"[0.9999976754188538, -0.001685510273091495, -0.0013291890500113368, 0.0016866495134308934, 0.9999982118606567, 0.0008564244490116835, 0.0013277431717142463, -0.0008586643962189555, 0.9999987483024597]",-33.16514964003866,654,1000000,429
1718783850.9802046,1.1688123779296875,2.0278851318359377,0.25478923034667966,09:57:29,"[1.0, -0.00020537030650302768, 9.439052519155666e-05, 0.00020536035299301147, 1.0, 0.0001054065432981588, -9.441217116545886e-05, -0.00010538716014707461, 1.0]",-33.10328445042388,651,1000000,423
1718783851.9618914,1.168807861328125,2.0278721923828127,0.25490054321289063,09:57:30,"[0.999999463558197, -0.00035348848905414343, 0.0010000349720939994, 0.0003537560405675322, 0.9999998807907104, -0.0002674018032848835, -0.000999940326437354, 0.0002677554148249328, 0.999999463558197]",-33.117981339361215,650,1000000,423
1718783852.9165735,1.16897705078125,2.0275091552734374,0.25462191772460935,09:57:31,"[0.9999824166297913, -0.004910924006253481, -0.00332126603461802, 0.004914525430649519, 0.9999873638153076, 0.0010771085508167744, 0.0033159342128783464, -0.0010934120509773493, 0.9999939203262329]",-33.176211529022204,650,1000000,422
1718783853.9273858,1.168578857421875,2.0278714599609375,0.2547860870361328,09:57:32,"[0.9999998807907104, -0.00043930046376772225, 0.0003101168549619615, 0.00043950765393674374, 0.9999997019767761, -0.0006683346582576632, -0.0003098231682088226, 0.0006684708059765399, 0.9999997019767761]",-33.173625166125554,654,1000000,427
1718783854.9008205,1.1687926025390625,2.0278748779296873,0.25497901916503907,09:57:33,"[0.9999989867210388, -0.00022705407172907144, 0.0013869366375729442, 0.00022791879018768668, 0.9999997615814209, -0.0006233472377061844, -0.001386794843710959, 0.0006236627232283354, 0.9999988675117493]",-26.99409637760497,654,1000000,427
1718783855.9160109,1.1690491943359376,2.027830810546875,0.2549696807861328,09:57:34,"[0.9999983310699463, -0.0009837907273322344, 0.0015379064716398716, 0.00098323670681566, 0.999999463558197, 0.0003609811537899077, -0.001538260723464191, -0.00035946842399425805, 0.9999987483024597]",-26.81479014579108,182,1000000,33
1718783856.906351,1.1687847900390624,2.02772509765625,0.25491563415527346,09:57:35,"[0.9999969601631165, -0.0021430435590445995, 0.0012050679652020335, 0.0021432065404951572, 0.9999976754188538, -0.00013394386041909456, -0.0012047782074660063, 0.00013652615598402917, 0.9999992847442627]",-26.82043877900805,179,1000000,32
1718783857.908117,1.1691534423828125,2.0277633056640627,0.2549167175292969,09:57:36,"[0.9999971389770508, -0.002354477997869253, 0.0004505098913796246, 0.002354060998186469, 0.9999967813491821, 0.0009236105252057314, -0.0004526830743998289, -0.0009225473622791469, 0.999999463558197]",-26.874903339736285,167,1000000,27
1718783858.9031148,1.1690450439453124,2.027810302734375,0.25507740783691407,09:57:37,"[0.9999938011169434, -0.0016879566246643662, 0.0030904142186045647, 0.0016897764289751649, 0.9999983906745911, -0.0005863391561433673, -0.0030894195660948753, 0.0005915576475672424, 0.9999950528144836]",-26.797969422908075,165,1000000,27
1718783859.918152,1.16911083984375,2.0276583251953126,0.2554157257080078,09:57:38,"[0.999971330165863, -0.004159991629421711, 0.006330430973321199, 0.004161355085670948, 0.9999912977218628, -0.00020223854517098516, -0.006329534575343132, 0.00022857591102365404, 0.9999799132347107]",-26.894103143091506,166,1000000,27
1718783860.912059,1.1688209228515625,2.0278912353515626,0.2547909240722656,09:57:39,"[0.9999997615814209, -0.0001025964375003241, -0.0007157788495533168, 0.00010264191951137036, 1.0, 6.350503099383786e-05, 0.0007157723302952945, -6.357848906191066e-05, 0.9999997615814209]",-26.883038914760363,167,1000000,28
1718783861.8729994,1.16867333984375,2.0276275634765626,0.2549182586669922,09:57:40,"[0.9999896287918091, -0.003354172222316265, 0.003083353629335761, 0.0033537992276251316, 0.9999943971633911, 0.00012612101272679865, -0.0030837594531476498, -0.00011577876284718513, 0.999995231628418]",-26.80063192028784,167,1000000,27
1718783862.9116068,1.168483642578125,2.02782177734375,0.2545702209472656,09:57:41,"[0.9999985098838806, -0.00015124763012863696, -0.0017142512369900942, 0.00015067122876644135, 0.9999999403953552, -0.00033636350417509675, 0.0017143019940704107, 0.0003361047129146755, 0.9999984502792358]",-26.86595192648702,166,1000000,28
1718783863.8935475,1.1689583740234375,2.027872802734375,0.2550499877929687,09:57:42,"[0.9999945759773254, -0.00045979671995155513, 0.0032608897890895605, 0.0004629947943612933, 0.9999994039535522, -0.0009800504194572568, -0.003260437399148941, 0.0009815548546612263, 0.9999942183494568]",-26.770558527524067,170,1000000,28
1718783864.8815634,1.168884765625,2.0277451171875,0.25475389099121093,09:57:43,"[0.9999980330467224, -0.0009676768095232546, -0.0017186193726956844, 0.0009676379850134254, 0.9999995231628418, -2.341501931368839e-05, 0.001718641258776188, 2.175197187170852e-05, 0.9999985098838806]",-30.156672916387812,180,1000000,32
1718783865.8898294,1.1683837890625,2.0280709228515623,0.25480003356933595,09:57:44,"[0.9999920129776001, 0.003609148319810629, 0.0017281093169003725, -0.003606971353292465, 0.9999927282333374, -0.0012610714184120297, -0.0017326480010524392, 0.0012548280647024512, 0.9999977350234985]",-30.089199885823845,158,1000000,25
1718783866.9035738,1.168685546875,2.027929931640625,0.2549480743408203,09:57:45,"[0.9999980330467224, 0.0009459079592488706, 0.001753848628140986, -0.0009439449058845639, 0.999998927116394, -0.0011197634739801288, -0.0017549059120938182, 0.0011181057197973132, 0.9999978542327881]",-30.032752797992295,158,1000000,25
1718783867.949593,1.16835400390625,2.0279901123046873,0.2545651397705078,09:57:46,"[0.9999933242797852, 0.002897016005590558, -0.002235289430245757, -0.0028971878346055746, 0.9999958276748657, -7.367976650130004e-05, 0.0022350666113197803, 8.01553251221776e-05, 0.9999974966049194]",-30.092623662851558,159,1000000,25
1718783868.9549093,1.168451904296875,2.0278717041015626,0.2547478790283203,09:57:47,"[1.0, -1.911564868350979e-05, 0.00014285878569353372, 1.9051118215429597e-05, 0.9999998807907104, 0.0004516896733548492, -0.00014286741497926414, -0.00045168696669861674, 0.9999998807907104]",-30.105524509262445,158,1000000,24
1718783869.9280767,1.1686640625,2.0276328125,0.25482167053222654,09:57:48,"[0.9999920725822449, -0.003969460725784302, 0.0003469441435299814, 0.003969111014157534, 0.9999915957450867, 0.0010030416306108236, -0.00035092278267256916, -0.0010016565211117268, 0.999999463558197]",-30.109017453354454,159,1000000,25
1718783870.9452243,1.168870849609375,2.02766015625,0.25497235107421873,09:57:49,"[0.9999933242797852, -0.0030358487274497747, 0.0020442658569663763, 0.0030338794458657503, 0.9999949336051941, 0.0009657720220275223, -0.002047187415882945, -0.0009595634764991701, 0.9999974370002747]",-30.35587235241354,156,1000000,24
1718783871.9608831,1.1685902099609375,2.0278250732421874,0.25486273193359377,09:57:50,"[0.9999969601631165, -0.0012198381591588259, 0.0021441373974084854, 0.0012216909090057015, 0.9999988675117493, -0.0008629981311969459, -0.0021430824417620897, 0.0008656149730086327, 0.9999973177909851]",-30.06071840485056,161,1000000,26
1718783872.9698086,1.1688323974609376,2.0278634033203127,0.2549194641113281,09:57:51,"[0.9999993443489075, -0.0001694132515694946, 0.0011464526178315282, 0.00016980159853119403, 0.9999999403953552, -0.00033864687429741025, -0.0011463952250778675, 0.0003388413169886917, 0.9999992847442627]",-30.044057402878778,160,1000000,25
1718783874.0093644,1.16857861328125,2.0278111572265627,0.25505584716796875,09:57:52,"[0.999989926815033, -0.000583660788834095, 0.004445039201527834, 0.0005883751437067986, 0.9999992847442627, -0.0010593554470688105, -0.004444418009370565, 0.0010619601234793663, 0.9999895691871643]",-30.056697256665068,159,1000000,25
1718783875.025283,1.16905615234375,2.027791259765625,0.25469131469726564,09:57:53,"[0.9999974370002747, -0.0016699772095307708, -0.001530227717012167, 0.0016706358874216676, 0.9999985098838806, 0.0004292682569939643, 0.0015295085031539202, -0.000431823602411896, 0.9999987483024597]",-37.16134469151442,159,1000000,25
1718783876.0123212,1.168708984375,2.0279923095703123,0.2549030456542969,09:57:54,"[0.9999973177909851, 0.001801258884370327, 0.0014599781716242433, -0.001801020815037191, 0.9999983906745911, -0.00016434364079032093, -0.0014602718874812126, 0.00016171374591067433, 0.999998927116394]",-37.14336949175739,66,1000000,4
1718783877.040938,1.168754638671875,2.0276746826171874,0.25500927734375,09:57:55,"[0.9999947547912598, -0.0020324497018009424, 0.002510747406631708, 0.0020321260672062635, 0.9999979138374329, 0.00013140308146830648, -0.002511009108275175, -0.00012630024866666645, 0.9999968409538269]",-37.19919510412539,66,1000000,4
1718783878.1024072,1.16870263671875,2.02793017578125,0.25496530151367186,09:57:56,"[0.9999966025352478, 0.0012626111274585128, 0.0022724480368196964, -0.0012609197292476892, 0.999998927116394, -0.0007456096936948597, -0.002273386809974909, 0.0007427418022416532, 0.9999971389770508]",-36.99537885664248,65,1000000,4
1718783878.993503,1.168949462890625,2.027894775390625,0.25490312194824216,09:57:57,"[0.9999992847442627, -0.0008638485451228917, 0.0007930313004180789, 0.0008640193264000118, 0.9999995827674866, -0.00021500159346032888, -0.0007928452687337995, 0.00021568663942161947, 0.9999996423721313]",-37.199005232439106,65,1000000,4
1718783880.0323977,1.168940185546875,2.0277235107421876,0.2549000701904297,09:57:58,"[0.9999939799308777, -0.003096833359450102, 0.0015514447586610913, 0.0030957916751503944, 0.9999949932098389, 0.0006734502967447042, -0.0015535225393250585, -0.0006686432752758265, 0.9999985694885254]",-37.15318397663489,66,1000000,4
1718783880.9430776,1.1685360107421876,2.0278209228515625,0.25480854797363284,09:57:59,"[0.9999997615814209, -0.000279807805782184, 0.0006693388568237424, 0.00027973693795502186, 0.9999999403953552, 0.00010596931679174304, -0.0006693684845231473, -0.00010578204819466919, 0.9999997615814209]",-37.234489549038834,67,1000000,4
1718783881.9678156,1.1689268798828125,2.027800048828125,0.25467829895019534,09:58:00,"[0.999998152256012, -0.0011033923365175724, -0.0015646842075511813, 0.0011041609104722738, 0.9999992847442627, 0.0004904303350485861, 0.0015641419449821115, -0.0004921571235172451, 0.9999986290931702]",-37.31811185512899,67,1000000,4
1718783882.9509327,1.16922119140625,2.027548828125,0.2549994812011719,09:58:01,"[0.9999831318855286, -0.00550438417121768, 0.0018461019499227405, 0.0055030654184520245, 0.999984622001648, 0.0007185630383901298, -0.0018500287551432848, -0.0007083917153067887, 0.9999980330467224]",-37.3179867044317,67,1000000,4
1718783884.009602,1.1689276123046874,2.0278857421875,0.2547802276611328,09:58:02,"[0.999999463558197, -0.0005429990706034005, -0.000884861743543297, 0.0005430413875728846, 0.9999998807907104, 4.756823545903899e-05, 0.0008848357829265296, -4.804872514796443e-05, 0.9999995827674866]",-37.39724875259608,66,1000000,4
1718783884.956229,1.1688406982421875,2.0277647705078126,0.25493556213378904,09:58:03,"[0.9999939203262329, -0.0021685524843633175, 0.002725193975493312, 0.0021689871791750193, 0.999997615814209, -0.00015653800801374018, -0.0027248479891568422, 0.00016244796279352158, 0.9999962449073792]",-29.276791133551768,66,1000000,4
1718783885.960335,1.168669921875,2.0277659912109374,0.25488963317871094,09:58:04,"[0.9999983906745911, -0.0015346311265602708, 0.0009392273495905101, 0.0015348317101597786, 0.9999988079071045, -0.0002129185595549643, -0.0009388994658365846, 0.00021435976668726653, 0.9999995231628418]",-29.17122459112388,246,1000000,60
1718783886.9613097,1.16854052734375,2.027822509765625,0.25498033142089843,09:58:05,"[0.999996542930603, -0.0010311093647032976, 0.002411880996078253, 0.001032533124089241, 0.9999992847442627, -0.0005891305045224726, -0.0024112719111144543, 0.0005916188238188624, 0.9999969005584717]",-29.138132796778713,248,1000000,61
1718783887.941881,1.1690146484375,2.0276724853515624,0.25504130554199217,09:58:06,"[0.9999904036521912, -0.00368411629460752, 0.002374467672780156, 0.0036826152354478836, 0.9999930262565613, 0.0006362752174027264, -0.002376795280724764, -0.0006275248597376049, 0.9999969601631165]",-29.12922757440728,248,1000000,61
1718783888.9664152,1.1686578369140626,2.027726806640625,0.2547440032958984,09:58:07,"[0.9999984502792358, -0.0017564372392371297, 0.00014396075857803226, 0.0017563631990924478, 0.9999983310699463, 0.0005130234058015049, -0.00014486160944215953, -0.000512769736815244, 0.9999998807907104]",-29.193786849129197,248,1000000,60
1718783889.9440162,1.1686368408203125,2.027779541015625,0.25514103698730467,09:58:08,"[0.9999870657920837, -0.0012323798146098852, 0.004930906463414431, 0.001235072617419064, 0.9999991059303284, -0.000543084111995995, -0.004930232651531696, 0.000549167103599757, 0.9999877214431763]",-29.130475443283373,246,1000000,61
1718783890.9781387,1.16895849609375,2.027613525390625,0.2550248718261719,09:58:09,"[0.9999895095825195, -0.0040077101439237595, 0.002207888523116708, 0.004004608374089003, 0.9999909996986389, 0.0014076197985559702, -0.002213509986177087, -0.0013987633865326643, 0.999996542930603]",-29.19153794233835,245,1000000,60
1718783891.9037266,1.1687655029296875,2.0277081298828126,0.25472686767578123,09:58:10,"[0.9999969005584717, -0.002382593462243676, -0.0006852294900454581, 0.002382459118962288, 0.9999971389770508, -0.00019679877732414752, 0.0006856964319013059, 0.00019516564498189837, 0.9999997615814209]",-29.207096929156947,244,1000000,59
1718783892.9437509,1.1691063232421874,2.02774267578125,0.25494195556640625,09:58:11,"[0.9999969005584717, -0.002485371194779873, 2.3090785816748394e-06, 0.0024853679351508617, 0.9999964833259583, 0.0009146371157839894, -4.582283054332947e-06, -0.0009146285592578351, 0.9999995827674866]",-29.21573686188305,247,1000000,61
1718783893.9448752,1.16926513671875,2.0278720703125,0.2550176239013672,09:58:12,"[0.9999989867210388, -0.0010149349691346288, 0.0010096969781443477, 0.0010155607014894485, 0.9999992847442627, -0.0006194128072820604, -0.0010090675204992294, 0.0006204376113601029, 0.9999992847442627]",-29.200164984077723,247,1000000,61
1718783894.9042008,1.1694713134765624,2.0276046142578124,0.2549384002685547,09:58:13,"[0.9999873042106628, -0.005038437899202108, 5.653739208355546e-05, 0.005038352217525244, 0.9999862909317017, 0.0014228022191673517, -6.370531627908349e-05, -0.001422499306499958, 0.9999989867210388]",-25.857511571221814,249,1000000,61
1718783895.8839476,1.1692322998046876,2.0275804443359373,0.255266845703125,09:58:14,"[0.9999750852584839, -0.005001224111765623, 0.0049801901914179325, 0.0049965521320700645, 0.9999870657920837, 0.0009501153253950179, -0.004984877537935972, -0.0009252078598365188, 0.9999871253967285]",-25.783193584265163,387,1000000,150
1718783896.8983161,1.1692947998046874,2.0278458251953126,0.2546376495361328,09:58:15,"[0.999994158744812, -0.001187472720630467, -0.003205034416168928, 0.0011879493249580264, 0.9999992847442627, 0.00014678688603453338, 0.0032048579305410385, -0.0001505934342276305, 0.9999948740005493]",-25.79197044295759,387,1000000,150
1718783897.8774593,1.16868603515625,2.027947265625,0.2547763671875,09:58:16,"[0.9999990463256836, 0.0011936621740460396, -0.0006671060109511018, -0.0011937160743400455, 0.9999992847442627, -8.035318023758009e-05, 0.0006670096190646291, 8.114943921100348e-05, 0.9999997615814209]",-25.804296314228793,383,1000000,146
1718783898.8975897,1.16844287109375,2.027685302734375,0.2547087097167969,09:58:17,"[0.9999963045120239, -0.002532093320041895, 0.0009640631615184247, 0.0025318555999547243, 0.9999967813491821, 0.0002476699010003358, -0.000964687205851078, -0.0002452281187288463, 0.9999995231628418]",-25.76727877402218,389,1000000,151
1718783899.9025528,1.1686246337890625,2.0276195068359373,0.2548637390136719,09:58:18,"[0.999992847442627, -0.0036469551268965006, 0.0010194233618676662, 0.003645331133157015, 0.9999920725822449, 0.0015903644962236285, -0.0010252152569592, -0.001586636994034052, 0.9999982118606567]",-25.817584285837846,382,1000000,145
1718783900.9921436,1.1684847412109376,2.0275858154296875,0.25468421936035157,09:58:19,"[0.9999940395355225, -0.003357125446200371, -0.0007849902613088489, 0.0033578381408005953, 0.9999939203262329, 0.0009084346820600331, 0.0007819357560947537, -0.0009110651444643736, 0.9999992847442627]",-25.81272257503486,382,1000000,145
1718783901.9576306,1.16917529296875,2.027763671875,0.25489947509765626,09:58:20,"[0.9999960660934448, -0.002806358737871051, 6.267306889640167e-05, 0.002806295407935977, 0.9999955892562866, 0.0009915338596329093, -6.545539508806542e-05, -0.0009913539979606867, 0.9999995231628418]",-25.773875520382113,381,1000000,144
1718783902.9856277,1.1683388671875,2.0277847900390626,0.2549409332275391,09:58:21,"[0.9999924898147583, -0.0014047726290300488, 0.0036046176683157682, 0.0014070451725274324, 0.9999988079071045, -0.0006279778899624944, -0.003603731282055378, 0.0006330450996756554, 0.9999933242797852]",-25.708058092205462,387,1000000,148
1718783903.9552202,1.1687470703125,2.0279642333984373,0.25490388488769533,09:58:22,"[0.9999958276748657, 0.0011806803522631526, 0.002639415441080928, -0.0011776756728067994, 0.9999986290931702, -0.0011396633926779032, -0.0026407574769109488, 0.0011365502141416073, 0.9999958872795105]",-25.881832536773132,382,1000000,146
1718783904.9748976,1.16908056640625,2.0278770751953124,0.2550137329101563,09:58:23,"[0.9999964833259583, -0.001169889816083014, 0.0023697155993431807, 0.0011697959853336215, 0.9999993443489075, 4.099965372006409e-05, -0.0023697619326412678, -3.822742655756883e-05, 0.9999971985816956]",-26.305962063193945,380,1000000,144
1718783906.0011315,1.1690089111328126,2.027680908203125,0.25519245910644534,09:58:24,"[0.9999842047691345, -0.003519049845635891, 0.0043768626637756824, 0.003514971351251006, 0.9999933838844299, 0.0009391695493832231, -0.00438013905659318, -0.000923770188819617, 0.9999899864196777]",-26.29826931531361,55,1000000,3
1718783907.0216136,1.168790771484375,2.0277691650390626,0.25492654418945315,09:58:25,"[0.9999958276748657, -0.0019235522486269474, 0.002142799086868763, 0.0019241117406636477, 0.9999980926513672, -0.00025905604707077146, -0.002142296638339758, 0.00026317796437069774, 0.9999976754188538]",-26.242392467738796,56,1000000,3
1718783907.9704323,1.168818603515625,2.02793505859375,0.2548570556640625,09:58:26,"[0.9999998211860657, 0.00021923128224443644, -0.0005885211285203695, -0.00021964110783301294, 0.9999997615814209, -0.0006963885389268398, 0.0005883683334104717, 0.0006965177017264068, 0.9999995827674866]",-26.370953645140027,56,1000000,3
1718783909.0032523,1.168598388671875,2.027972412109375,0.2547497100830078,09:58:27,"[0.9999985694885254, 0.0014707371592521667, -0.0008566079195588827, -0.0014713932760059834, 0.9999986290931702, -0.0007658175309188664, 0.0008554804371669888, 0.0007670767954550683, 0.9999993443489075]",-26.30935597881912,55,1000000,3
1718783909.980802,1.168690673828125,2.0277779541015626,0.25491746520996095,09:58:28,"[0.9999949932098389, -0.001484417007304728, 0.0027975724078714848, 0.0014851606683805585, 0.9999988675117493, -0.0002637720899656415, -0.002797177527099848, 0.00026792558492161334, 0.9999960660934448]",-26.345118325149535,56,1000000,3
1718783910.9940422,1.1685670166015625,2.0279879150390623,0.2548647918701172,09:58:29,"[0.9999969005584717, 0.0021936881821602583, 0.0011537052923813462, -0.0021935985423624516, 0.999997615814209, -7.892587746027857e-05, -0.0011538757244125009, 7.639486284460872e-05, 0.9999993443489075]",-26.3931660428767,56,1000000,3
1718783911.977172,1.1687806396484375,2.027650390625,0.2548524932861328,09:58:30,"[0.9999964237213135, -0.0025228760205209255, 0.0008770987042225897, 0.0025227321311831474, 0.9999967813491821, 0.0001649817859288305, -0.0008775121532380581, -0.00016276851238217205, 0.9999995827674866]",-26.427697856756367,55,1000000,3
1718783913.0371604,1.16863525390625,2.0275809326171874,0.25475469970703124,09:58:31,"[0.9999903440475464, -0.004254668485373259, -0.0011261417530477047, 0.004256567917764187, 0.9999895095825195, 0.001689891330897808, 0.001118939951993525, -0.0016946684336289763, 0.9999979138374329]",-26.362712269393256,55,1000000,3
1718783913.970575,1.16845458984375,2.0279205322265623,0.25503886413574217,09:58:32,"[0.9999903440475464, 0.0007039172924123704, 0.004341406747698784, -0.0006987489759922028, 0.9999990463256836, -0.001191874616779387, -0.004342241678386927, 0.0011888295412063599, 0.9999898672103882]",-26.344336196564036,56,1000000,3
1718783914.9465344,1.1687847900390624,2.0276990966796875,0.25493827819824216,09:58:33,"[0.9999953508377075, -0.0025487153325229883, 0.0016881804913282394, 0.0025483020581305027, 0.9999967217445374, 0.00024690007558092475, -0.0016888042446225882, -0.00024259694328065962, 0.9999985694885254]",-23.90809354287476,61,1000000,3
1718783915.9151492,1.1689603271484375,2.027887451171875,0.2550301818847656,09:58:34,"[0.9999961256980896, -0.0010062579531222582, 0.0025923768989741802, 0.0010077869519591331, 0.9999993443489075, -0.0005885406280867755, -0.002591782948002219, 0.0005911508924327791, 0.9999964833259583]",-23.827634275333523,61,1000000,3
1718783916.9810576,1.1690015869140624,2.0277470703125,0.25494309997558595,09:58:35,"[0.9999979734420776, -0.0017153091030195355, 0.0010505656246095896, 0.0017152088694274426, 0.9999985098838806, 9.633244917495176e-05, -0.0010507293045520782, -9.453031816519797e-05, 0.999999463558197]",-23.881666156098134,61,1000000,3
