timestamp,x,y,z,utc,rm,dbm,buffer_voltage_mv,resistance,pwr_nw
1718780811.699467,1.1682476806640625,2.027461669921875,0.2545528106689453,09:06:49,"[0.9999957084655762, -0.002092182170599699, -0.0020406001713126898, 0.0020944278221577406, 0.9999971985816956, 0.0010989109287038445, 0.00203829538077116, -0.001103180111385882, 0.9999973177909851]",-16.76167662827781,48,1000000,2
1718780812.3656442,1.168164794921875,2.0277589111328127,0.25466552734375,09:06:50,"[0.9999988079071045, 0.00153353123459965, 0.0002601040177978575, -0.0015333961928263307, 0.9999986886978149, -0.000518905115313828, -0.0002608994545880705, 0.0005185056361369789, 0.9999998211860657]",-16.634631812606536,48,1000000,2
1718780813.0776072,1.1680206298828124,2.0275125732421877,0.25469776916503906,09:06:51,"[0.9999969005584717, -0.0021812538616359234, 0.0012083733454346657, 0.002180796582251787, 0.9999975562095642, 0.0003795814991462976, -0.0012091983808204532, -0.0003769450995605439, 0.9999992251396179]",-16.69553779664985,1620,195312,13453
1718780814.3892925,1.168129150390625,2.0274154052734374,0.2546399688720703,09:06:52,"[0.9999943375587463, -0.00326750916428864, 0.0008206352358683944, 0.0032662604935467243, 0.9999935030937195, 0.0015183854848146439, -0.0008255912689492106, -0.0015156965237110853, 0.9999985098838806]",-16.649291870990712,1623,195312,13453
1718780815.2343497,1.16797705078125,2.027461181640625,0.2548609924316406,09:06:53,"[0.9999939203262329, -0.002389597939327359, 0.002536502666771412, 0.002387584885582328, 0.9999968409538269, 0.0007963849930092692, -0.0025383976753801107, -0.0007903240621089935, 0.9999964833259583]",-16.663054688678606,1623,195312,13453
1718780815.9931192,1.1680654296875,2.0278927001953124,0.2547362518310547,09:06:54,"[0.9999944567680359, 0.003133253427222371, 0.0011352720903232694, -0.0031316911336034536, 0.999994158744812, -0.0013751937076449394, -0.0011395743349567056, 0.0013716307003051043, 0.9999983906745911]",-16.827742429800526,1624,195312,13470
1718780817.1822221,1.1681199951171874,2.0274417724609375,0.254738037109375,09:06:55,"[0.9999943375587463, -0.003179237712174654, 0.0011227362556383014, 0.0031784726306796074, 0.999994695186615, 0.0006826207973062992, -0.001124900532886386, -0.0006790483021177351, 0.9999991655349731]",-16.583937557157373,1626,195312,13520
1718780818.128994,1.1682322998046875,2.02750341796875,0.25461593627929685,09:06:56,"[0.9999960064888, -0.0021515742409974337, -0.001841830206103623, 0.002153221284970641, 0.9999972581863403, 0.0008927154703997076, 0.00183990434743464, -0.0008966777822934091, 0.9999979138374329]",-16.70347731812111,1625,195312,13486
1718780819.0913055,1.16835546875,2.027646240234375,0.2547078094482422,09:06:57,"[0.9999999403953552, 1.286180122406222e-06, -0.00031717182719148695, -1.207500076816359e-06, 0.9999999403953552, 0.0002480675757396966, 0.000317172147333622, -0.00024806716828607023, 0.9999999403953552]",-16.634140278809237,1625,195312,13520
1718780820.196995,1.168171875,2.027428466796875,0.2548046417236328,09:06:58,"[0.9999915361404419, -0.003567734267562628, 0.0020603665616363287, 0.0035674781538546085, 0.999993622303009, 0.00012792884081136435, -0.0020608098711818457, -0.00012057744606863707, 0.9999978542327881]",-16.70537433181194,1626,195312,13536
1718780821.232762,1.1682801513671874,2.0276793212890625,0.25454298400878905,09:06:59,"[0.9999977350234985, 0.00033864748547784984, -0.002107274252921343, -0.0003394849773030728, 0.9999998807907104, -0.00039707907126285136, 0.0021071394439786673, 0.0003977935411967337, 0.9999976754188538]",-16.70143887939302,1623,195312,13520
1718780822.2766182,1.168262939453125,2.0277806396484377,0.25498313903808595,09:07:00,"[0.9999908208847046, 0.0015851487405598164, 0.003979487344622612, -0.0015842480352148414, 0.9999987483024597, -0.0002294868027092889, -0.003979845903813839, 0.0002231802063761279, 0.9999920725822449]",-10.49890008957393,1623,195312,13520
1718780823.1751032,1.168133056640625,2.0276087646484373,0.25468782043457033,09:07:01,"[0.9999997615814209, -0.0006508677615784109, 0.00030856754165142775, 0.000650755304377526, 0.9999997019767761, 0.00036437672679312527, -0.0003088046214543283, -0.00036417582305148244, 0.9999998807907104]",-10.50238827411301,1638,207031,12943
1718780824.2171905,1.1682509765625,2.027540771484375,0.2546677703857422,09:07:02,"[0.9999985098838806, -0.00167359272018075, -0.0004190898616798222, 0.00167390878777951, 0.9999983310699463, 0.0007548921857960522, 0.00041782576590776443, -0.000755592598579824, 0.9999996423721313]",-10.478005079360209,1637,207031,12896
1718780825.1768143,1.16801171875,2.027650390625,0.2546642150878906,09:07:03,"[0.9999996423721313, 0.00034724484430626035, 0.0007717995322309434, -0.0003465767949819565, 0.9999995827674866, -0.0008655299316160381, -0.0007720997673459351, 0.0008652621181681752, 0.9999993443489075]",-10.580143483006825,1637,207031,12896
1718780826.2105076,1.16886669921875,2.0277467041015624,0.25497940063476565,09:07:04,"[0.9999978542327881, -0.00047592000919394195, 0.002024027518928051, 0.00047587600420229137, 0.9999998807907104, 2.2230500690056942e-05, -0.0020240379963070154, -2.1267265765345655e-05, 0.9999979734420776]",-10.484424274623422,1632,207031,12864
1718780827.2044022,1.1682454833984375,2.0275521240234373,0.2547552947998047,09:07:05,"[0.9999987483024597, -0.0014776396565139294, 0.0005944021395407617, 0.0014775663148611784, 0.999998927116394, 0.00012365788279566914, -0.000594584213104099, -0.00012277945643290877, 0.9999998211860657]",-10.468024145437749,1637,207031,12912
1718780828.0018132,1.1682354736328124,2.027537109375,0.2546000671386719,09:07:06,"[0.9999982118606567, -0.0017237464198842645, -0.0007623120327480137, 0.0017245684284716845, 0.9999979138374329, 0.0010789022780954838, 0.0007604506681673229, -0.0010802149772644043, 0.9999991059303284]",-10.470577172747007,1637,207031,12912
1718780828.9773066,1.1684678955078125,2.027620361328125,0.25490753173828123,09:07:07,"[0.9999979138374329, -0.000733888940885663, 0.0019007651135325432, 0.0007332803797908127, 0.9999997019767761, 0.0003208372800145298, -0.00190100003965199, -0.00031944282818585634, 0.999998152256012]",-10.44896845009773,1637,207031,12975
1718780829.954695,1.1682615966796874,2.027751220703125,0.25480381774902344,09:07:08,"[0.9999984502792358, 0.001138822641223669, 0.0013627364533022046, -0.0011385268298909068, 0.9999993443489075, -0.000217840846744366, -0.001362983719445765, 0.00021628898684866726, 0.9999990463256836]",-10.44751828386632,1637,207031,12927
1718780831.0171504,1.1684879150390626,2.0276109619140623,0.2546787109375,09:07:09,"[0.9999980330467224, -0.0009260803926736116, -0.0017376041505485773, 0.0009279741789214313, 0.9999989867210388, 0.0010894039878621697, 0.0017365935491397977, -0.0010910143610090017, 0.9999979138374329]",-10.457549488664913,1637,207031,12927
1718780831.9549139,1.168395263671875,2.027660400390625,0.25478143310546875,09:07:10,"[1.0, 0.0001252347428817302, 8.323201473103836e-05, -0.0001252160727744922, 0.9999999403953552, -0.00022429776436183602, -8.326009992742911e-05, 0.00022428733063861728, 1.0]",-17.410514827254243,1634,207031,12943
1718780832.9683294,1.168305908203125,2.027734130859375,0.2542762908935547,09:07:11,"[0.9999873042106628, 0.0006499814917333424, -0.005001010838896036, -0.0006487827631644905, 0.9999997615814209, 0.00024132280668709427, 0.005001166369765997, -0.00023807516845408827, 0.9999874830245972]",-17.368121727222533,910,1000000,822
1718780834.0062504,1.1680751953125,2.02767431640625,0.2545939178466797,09:07:12,"[0.9999991059303284, 0.00016402581240981817, -0.0013392363907769322, -0.00016318047710228711, 0.9999997615814209, 0.0006312944460660219, 0.0013393396511673927, -0.0006310753524303436, 0.999998927116394]",-17.390655530622556,910,1000000,822
1718780834.9283378,1.167899658203125,2.0276094970703125,0.2545997772216797,09:07:13,"[0.9999995827674866, 0.0005238883895799518, -0.0007836945005692542, -0.00052393798250705, 0.9999998807907104, -6.314066558843479e-05, 0.0007836613222025335, 6.355124060064554e-05, 0.9999997019767761]",-17.34810769182466,912,1000000,829
1718780836.0822453,1.1684058837890625,2.0276890869140627,0.2547345733642578,09:07:14,"[0.9999997615814209, 0.00014295343135017902, -0.0006982484483160079, -0.00014253445260692388, 0.9999998211860657, 0.0006000544526614249, 0.0006983341299928725, -0.0005999547429382801, 0.9999995827674866]",-17.37622832475088,909,1000000,835
1718780837.172215,1.1680753173828125,2.027643798828125,0.25445091247558593,09:07:15,"[0.9999972581863403, 4.0677488868823275e-05, -0.0023478830698877573, -3.995975202997215e-05, 0.9999999403953552, 0.00030574132688343525, 0.002347895409911871, -0.00030564668122678995, 0.9999971985816956]",-17.403860414733643,909,1000000,835
1718780838.1430671,1.16818994140625,2.027779541015625,0.25468447875976563,09:07:16,"[0.9999980926513672, 0.0018287075217813253, -0.0007182995323091745, -0.0018285753903910518, 0.9999983310699463, 0.00018464158347342163, 0.0007186359725892544, -0.0001833277492551133, 0.9999997019767761]",-17.394810085881552,906,1000000,831
1718780839.1729863,1.1682762451171875,2.0277275390625,0.25498812866210935,09:07:17,"[0.9999884963035583, 0.001482898136600852, 0.004555215127766132, -0.0014763644430786371, 0.9999978542327881, -0.0014373476151376963, -0.004557336680591106, 0.0014306060038506985, 0.9999886155128479]",-17.439962070872134,906,1000000,828
1718780840.1757507,1.16853369140625,2.0274979248046874,0.25477253723144533,09:07:18,"[0.9999947547912598, -0.003226423868909478, 0.000223541705054231, 0.003226339817047119, 0.9999947547912598, 0.0003747678711079061, -0.00022474968864116818, -0.0003740446991287172, 0.9999998807907104]",-17.41250052183938,900,1000000,831
1718780841.1095173,1.1681654052734376,2.027798095703125,0.25469236755371094,09:07:19,"[0.9999976754188538, 0.0021578390151262283, -5.900551514059771e-06, -0.0021578401792794466, 0.9999976754188538, -0.00021664924861397594, 5.433043497760082e-06, 0.00021666147222276777, 1.0]",-17.395944717049517,900,1000000,824
1718780842.2423744,1.1682677001953126,2.02756787109375,0.25475531005859375,09:07:20,"[0.9999985098838806, -0.001679670880548656, 0.00043943733908236027, 0.0016793280374258757, 0.9999982714653015, 0.0007793839322403073, -0.00044074570178054273, -0.0007786448113620281, 0.9999995827674866]",-16.67771154600196,905,1000000,819
1718780843.1707902,1.16821142578125,2.0275123291015626,0.2548462371826172,09:07:21,"[0.999996542930603, -0.001959678251296282, 0.0017559737898409367, 0.0019594901241362095, 0.9999980926513672, 0.00010880023910431191, -0.0017561835702508688, -0.0001053590458468534, 0.9999984502792358]",-16.7355758309349,113,1000000,12
1718780843.9980938,1.16870263671875,2.027515380859375,0.2547522888183594,09:07:22,"[0.9999948740005493, -0.0031073542777448893, -0.0007894756854511797, 0.003107840660959482, 0.9999949932098389, 0.00061553914565593, 0.0007875590235926211, -0.0006179895135574043, 0.9999995231628418]",-16.731975899502952,112,1000000,12
1718780845.0155652,1.16848193359375,2.0276121826171876,0.2547574005126953,09:07:23,"[0.9999995231628418, -0.0009264164255000651, 0.0002044770953943953, 0.0009263858082704246, 0.9999995827674866, 0.00014967043534852564, -0.0002046156587311998, -0.00014948094030842185, 0.9999999403953552]",-16.725375354702866,112,1000000,12
1718780846.024992,1.168466064453125,2.02758203125,0.254754638671875,09:07:24,"[0.9999990463256836, -0.0013392106629908085, 0.0002643359184730798, 0.0013391143875196576, 0.9999990463256836, 0.0003638637135736644, -0.00026482297107577324, -0.00036350940354168415, 0.9999998807907104]",-16.704560327944193,111,1000000,12
1718780847.0392587,1.168633056640625,2.0275853271484374,0.254741943359375,09:07:25,"[0.9999982118606567, -0.0018563043558970094, 0.0003111365076620132, 0.0018562913173809648, 0.9999982714653015, 4.214711952954531e-05, -0.00031121421488933265, -4.156948489253409e-05, 0.9999999403953552]",-16.76573914953572,111,1000000,12
1718780848.0179157,1.16810302734375,2.0277198486328123,0.2544800109863281,09:07:26,"[0.999997615814209, 0.001478548627346754, -0.0016041394555941224, -0.0014792823931202292, 0.9999988079071045, -0.00045633598347194493, 0.0016034628497436643, 0.0004587078874465078, 0.9999986290931702]",-16.834854090344287,110,1000000,12
1718780849.1288185,1.168218505859375,2.0276319580078126,0.25470672607421874,09:07:27,"[0.9999992251396179, -0.0009913993999361992, 0.0007566912681795657, 0.0009917228017002344, 0.9999994039535522, -0.00042721847421489656, -0.000756267283577472, 0.00042796856723725796, 0.9999996423721313]",-16.76897735158015,112,1000000,12
1718780850.1950886,1.168075439453125,2.027866943359375,0.2546024932861328,09:07:28,"[0.9999961256980896, 0.002702547237277031, -0.0006884579779580235, -0.002702421275898814, 0.9999963045120239, 0.00018377996457275003, 0.000688952102791518, -0.00018191874551121145, 0.9999997615814209]",-16.718707661021234,112,1000000,12
1718780851.0752969,1.1685008544921875,2.0276529541015624,0.25474627685546875,09:07:29,"[0.9999990463256836, -0.001107678166590631, -0.000820008572191, 0.0011079730466008186, 0.9999993443489075, 0.000359270372428, 0.0008196100243367255, -0.0003601785865612328, 0.9999995827674866]",-16.790159313152667,109,1000000,11
1718780852.0741122,1.1679105224609374,2.0274833984375,0.2544207763671875,09:07:30,"[0.999995768070221, -0.002322426065802574, -0.0017383391968905926, 0.002323139924556017, 0.9999971985816956, 0.0004087471170350909, 0.001737385056912899, -0.00041278378921560943, 0.9999983906745911]",-20.70084127524604,1839,875000,3873
1718780853.1449635,1.16791259765625,2.0276910400390626,0.25449983215332034,09:07:31,"[0.999997079372406, 0.0005559405544772744, -0.0023457854986190796, -0.0005551779177039862, 0.9999998211860657, 0.00032573987846262753, 0.002345966175198555, -0.000324436608934775, 0.9999971985816956]",-20.747154659356994,1642,515625,5254
1718780854.1933703,1.16814306640625,2.0275894775390624,0.25476310729980467,09:07:32,"[0.9999983310699463, -0.0006051117088645697, 0.00173835305031389, 0.0006066331407055259, 0.9999994039535522, -0.0008748142281547189, -0.0017378227785229683, 0.0008758672629483044, 0.9999980926513672]",-20.731458436713247,1638,515625,5209
1718780855.1324713,1.167985595703125,2.0275848388671873,0.25461094665527345,09:07:33,"[0.9999995827674866, -0.0001383652852382511, -0.0009059325093403459, 0.0001379524328513071, 0.9999998807907104, -0.0004557691281661391, 0.0009059954900294542, 0.0004556439525913447, 0.999999463558197]",-20.689667108115728,1638,515625,5216
1718780856.1429949,1.16804248046875,2.0277799072265625,0.2545863952636719,09:07:34,"[0.9999969005584717, 0.0022678228560835123, -0.0010505307000130415, -0.0022680293768644333, 0.9999974370002747, -0.00019543322559911758, 0.0010500848293304443, 0.0001978152577066794, 0.9999994039535522]",-20.727685074006796,1642,515625,5222
1718780857.118919,1.167918701171875,2.0276986083984374,0.2544510498046875,09:07:35,"[0.9999967217445374, 0.0010038437321782112, -0.0023567434400320053, -0.0010040942579507828, 0.999999463558197, -0.00010513700544834137, 0.002356636803597212, 0.00010750305227702484, 0.9999971985816956]",-20.68588027090456,1638,515625,5203
1718780857.9736502,1.1680565185546874,2.0276951904296876,0.25455813598632815,09:07:36,"[0.9999997019767761, 0.00048790551954880357, -0.00055805774172768, -0.00048792868619784713, 0.9999998807907104, -4.14138485211879e-05, 0.0005580374854616821, 4.1686129407025874e-05, 0.9999998211860657]",-20.718936750729824,1640,515625,5222
1718780858.99107,1.1681785888671874,2.0276734619140626,0.25467604064941407,09:07:37,"[0.9999997019767761, -0.00022363211610354483, 0.0007046660175547004, 0.00022376904962584376, 0.9999999403953552, -0.00019425860955379903, -0.000704622536431998, 0.0001944162358995527, 0.9999997615814209]",-20.77430706884972,1641,515625,5228
1718780859.9698713,1.16823779296875,2.02761083984375,0.25446337890625,09:07:38,"[0.9999932646751404, -0.00016237566887866706, -0.0036586388014256954, 0.0001637359382584691, 0.9999999403953552, 0.00037149921990931034, 0.0036585782654583454, -0.00037209579022601247, 0.9999932646751404]",-20.69284273786625,1641,515625,5222
1718780861.044597,1.168714111328125,2.0274373779296875,0.25474598693847655,09:07:39,"[0.9999903440475464, -0.0043920180760324, -3.5482946259435266e-05, 0.004392056725919247, 0.9999896287918091, 0.0011817780323326588, 3.0292187148006633e-05, -0.001181922503747046, 0.9999992847442627]",-20.748000390993052,1641,515625,5222
1718780862.087421,1.1683795166015625,2.0276119384765625,0.2545137481689453,09:07:40,"[0.9999948740005493, -0.0009984358912333846, -0.0030330463778227568, 0.001000822870992124, 0.9999991655349731, 0.0007855610456317663, 0.0030322594102472067, -0.0007885925588198006, 0.9999951124191284]",-16.404724741509654,1637,515625,5222
1718780863.0916307,1.16825634765625,2.027713134765625,0.25463066101074217,09:07:41,"[0.9999992847442627, 0.0009316406794823706, -0.0007736042025499046, -0.0009320627432316542, 0.9999994039535522, -0.0005454063648357987, 0.0007730956422165036, 0.0005461270338855684, 0.9999995231628418]",-16.412259369404957,50,1000000,2
1718780864.0593743,1.1681480712890624,2.0276319580078126,0.25491123962402346,09:07:42,"[0.9999929666519165, -0.0007389450911432505, 0.003676648950204253, 0.0007404596544802189, 0.9999996423721313, -0.000410603970522061, -0.0036763441748917103, 0.0004133234906475991, 0.9999931454658508]",-16.393649609455604,50,1000000,2
1718780865.0361729,1.1680736083984375,2.027808349609375,0.25469622802734376,09:07:43,"[0.9999973773956299, 0.002209473168477416, 0.0006213423912413418, -0.002208769554272294, 0.9999969005584717, -0.0011308680986985564, -0.0006238390924409032, 0.001129492768086493, 0.9999991655349731]",-16.425605477841266,49,1000000,2
1718780866.1063824,1.1678917236328126,2.0276373291015624,0.2547251434326172,09:07:44,"[0.9999988675117493, 0.0009662694064900279, 0.0011748519027605653, -0.0009656644542701542, 0.9999994039535522, -0.0005153851234354079, -0.00117534922901541, 0.0005142500158399343, 0.9999991655349731]",-16.469117355183553,49,1000000,2
1718780867.1271796,1.168133544921875,2.027566650390625,0.25454782104492185,09:07:45,"[0.9999983310699463, -0.0009105939534492791, -0.0015836611855775118, 0.000911746930796653, 0.9999993443489075, 0.0007274792296811938, 0.0015829976182430983, -0.0007289219065569341, 0.9999985098838806]",-16.33296074018306,49,1000000,2
1718780868.1326065,1.1684808349609375,2.02749267578125,0.2548024444580078,09:07:46,"[0.9999929666519165, -0.003206252120435238, 0.0019441433250904083, 0.0032059242948889732, 0.9999948740005493, 0.0001717312406981364, -0.0019446839578449726, -0.00016549725842196494, 0.9999980926513672]",-16.38096807916789,49,1000000,2
1718780869.147191,1.1679814453125,2.0274864501953127,0.25447283935546877,09:07:47,"[0.9999940395355225, -0.0024425506126135588, -0.0024502731394022703, 0.002446388825774193, 0.999995768070221, 0.0015647149411961436, 0.0024464409798383713, -0.0015706998528912663, 0.999995768070221]",-16.460285884615242,49,1000000,2
1718780870.1513243,1.1682724609375,2.0275762939453124,0.2547827911376953,09:07:48,"[0.9999971985816956, -0.0016313479281961918, 0.0017274473793804646, 0.001631232793442905, 0.9999986886978149, 6.80614248267375e-05, -0.001727556111291051, -6.52433664072305e-05, 0.9999985098838806]",-16.458458200408728,49,1000000,2
1718780871.1529868,1.16839892578125,2.0276951904296876,0.25469313049316405,09:07:49,"[0.9999998211860657, 0.00016302081348840147, 0.0005684358766302466, -0.00016238700482062995, 0.9999993443489075, -0.0011148570338264108, -0.000568617251701653, 0.0011147646000608802, 0.9999992251396179]",-16.39133136487976,49,1000000,2
1718780872.1782508,1.1681484375,2.0277642822265625,0.2546147155761719,09:07:50,"[0.9999984502792358, 0.0016709265764802694, -0.0005855521303601563, -0.0016710476484149694, 0.9999985694885254, -0.00020635331748053432, 0.0005852064932696521, 0.0002073314826702699, 0.9999998211860657]",-17.606463769429283,211,1000000,44
1718780873.1879792,1.1683104248046876,2.0275435791015624,0.25478482055664065,09:07:51,"[0.9999969005584717, -0.0022305480670183897, 0.0010902119101956487, 0.0022304824087768793, 0.9999974966049194, 6.140729965409264e-05, -0.0010903461370617151, -5.897540904697962e-05, 0.9999994039535522]",-17.678687174738123,211,1000000,44
1718780874.0204198,1.1680198974609375,2.02782421875,0.2547607421875,09:07:52,"[0.9999961853027344, 0.002224452793598175, 0.0016510133864358068, -0.002222442766651511, 0.9999967813491821, -0.0012183389626443386, -0.0016537181800231338, 0.0012146650115028024, 0.9999979138374329]",-17.551290181988787,209,1000000,44
1718780875.0206747,1.1683699951171875,2.027712646484375,0.2549051513671875,09:07:53,"[0.9999968409538269, 0.00018920480215456337, 0.0025168422143906355, -0.00018722203094512224, 0.9999996423721313, -0.0007880128687247634, -0.002516990527510643, 0.0007875391747802496, 0.999996542930603]",-17.583567376581865,218,1000000,45
1718780876.0515237,1.16803125,2.0276634521484374,0.25454605102539063,09:07:54,"[0.999999463558197, -0.0003092216793447733, -0.0009945194469764829, 0.0003088920784648508, 0.9999998807907104, -0.0003315522335469723, 0.0009946218924596906, 0.0003312448679935187, 0.999999463558197]",-17.712732549304842,218,1000000,45
1718780877.1713939,1.1683563232421874,2.0275250244140626,0.2546607208251953,09:07:55,"[0.9999953508377075, -0.0026230921503156424, -0.001542479614727199, 0.002623768523335457, 0.9999964833259583, 0.00043657314381562173, 0.0015413289656862617, -0.00044061822700314224, 0.9999986886978149]",-17.60390583936512,217,1000000,45
1718780878.1336637,1.1680179443359375,2.027765380859375,0.2545185089111328,09:07:56,"[0.9999958872795105, 0.0021142405457794666, -0.0019229979952797294, -0.00211526220664382, 0.999997615814209, -0.0005294015863910317, 0.0019218741217628121, 0.000533467042259872, 0.9999980330467224]",-17.604338097190272,219,1000000,46
1718780879.1054325,1.1681005859375,2.02761865234375,0.2547041168212891,09:07:57,"[0.999999463558197, -0.00043134650331921875, 0.0009373546927236021, 0.00043170538265258074, 0.9999998211860657, -0.0003827050677500665, -0.0009371894411742687, 0.00038310952368192375, 0.999999463558197]",-17.6927565581505,219,1000000,46
1718780880.144668,1.1682613525390626,2.02757861328125,0.2547040557861328,09:07:58,"[0.9999979734420776, -0.0019392514368519187, 0.0005359949427656829, 0.0019393665716052055, 0.9999980926513672, -0.00021435068629216403, -0.0005355782341212034, 0.0002153897366952151, 0.9999998211860657]",-17.60706548672545,221,1000000,48
1718780881.1819465,1.1683599853515625,2.0276446533203125,0.2546087188720703,09:07:59,"[0.999999463558197, -7.36182410037145e-05, -0.0010368776274845004, 7.314556569326669e-05, 0.9999998807907104, -0.00045589866931550205, 0.0010369111550971866, 0.0004558225627988577, 0.9999993443489075]",-17.588139734149706,214,1000000,47
1718780882.286024,1.168332275390625,2.0276268310546874,0.25473666381835935,09:08:00,"[0.9999999403953552, -0.00023457608767785132, 0.00031976817990653217, 0.00023471078020520508, 0.9999998807907104, -0.0004212218918837607, -0.0003196693432983011, 0.00042129692155867815, 0.9999998807907104]",-20.01125453866043,214,1000000,47
1718780883.1761668,1.1683687744140625,2.027677490234375,0.254771240234375,09:08:01,"[0.9999992847442627, 0.0004092571325600147, 0.001149597461335361, -0.00040908021037466824, 0.9999998807907104, -0.00015413672372233123, -0.0011496604420244694, 0.00015366633306257427, 0.9999993443489075]",-19.965077383985506,1912,292968,12701
1718780884.1899776,1.1683916015625,2.0278272705078124,0.2547232971191406,09:08:02,"[0.9999964833259583, 0.0026499605737626553, 0.00023741312907077372, -0.002649815985932946, 0.9999963045120239, -0.0006073757540434599, -0.00023902177053969353, 0.0006067444919608533, 0.9999997615814209]",-19.99407970898102,1632,191406,13880
1718780885.2185478,1.1686258544921875,2.0277615966796874,0.25493525695800784,09:08:03,"[0.999995768070221, 0.0008931945194490254, 0.002763515105471015, -0.0008908520685508847, 0.9999992251396179, -0.0008487484883517027, -0.002764271106570959, 0.0008462830446660519, 0.9999958276748657]",-20.006383616524754,1635,191406,13949
1718780886.1853712,1.168411376953125,2.0278731689453124,0.25496492004394533,09:08:04,"[0.9999878406524658, 0.00287113175727427, 0.004003025125712156, -0.002864103764295578, 0.9999943375587463, -0.0017603092128410935, -0.004008056595921516, 0.0017488227458670735, 0.9999904632568359]",-20.006223453200338,1635,191406,13949
1718780887.136353,1.1681229248046876,2.027553955078125,0.2545129852294922,09:08:05,"[0.9999976754188538, -0.0010928433621302247, -0.0018696293700486422, 0.0010941949440166354, 0.9999991655349731, 0.0007220455445349216, 0.0018688386771827936, -0.000724089564755559, 0.9999979734420776]",-20.039193181274506,1633,191406,13915
1718780888.1610858,1.1685096435546876,2.0275404052734376,0.25458319091796877,09:08:06,"[0.9999964833259583, -0.001751815201714635, -0.00200153817422688, 0.0017518446547910571, 0.9999984502792358, 1.2978515769646037e-05, 0.0020015123300254345, -1.6484853404108435e-05, 0.9999979734420776]",-19.999876848346304,1632,191406,13915
1718780889.196172,1.1681485595703125,2.027518310546875,0.2544036560058594,09:08:07,"[0.9999927282333374, -0.0017278608866035938, -0.0033968372736126184, 0.0017294117715209723, 0.9999983906745911, 0.0004536861088126898, 0.003396047977730632, -0.0004595573409460485, 0.9999940991401672]",-20.067974755069372,1632,191406,13915
1718780890.0702002,1.168000244140625,2.0275557861328126,0.25450099182128905,09:08:08,"[0.9999984502792358, -0.0006696618511341512, -0.0016450323164463043, 0.000669725879561156, 0.9999997615814209, 3.837204712908715e-05, 0.001645006239414215, -3.947370714740828e-05, 0.9999986290931702]",-20.01790241444162,1633,191406,13932
1718780891.2222557,1.1681417236328124,2.02757666015625,0.2544772796630859,09:08:09,"[0.9999970197677612, -0.00120793585665524, -0.0021242257207632065, 0.0012095988495275378, 0.9999989867210388, 0.0007817369769327343, 0.0021232792641967535, -0.0007843041094020009, 0.9999974370002747]",-20.025899995273985,1633,191406,13932
1718780892.1132927,1.168119873046875,2.027730224609375,0.25459405517578126,09:08:10,"[0.9999982118606567, 0.001254175789654255, -0.001418501604348421, -0.0012552420375868678, 0.999998927116394, -0.0007510139839723706, 0.0014175581745803356, 0.0007527931593358517, 0.9999986886978149]",-13.405516571887528,1632,191406,13898
1718780893.2056658,1.1684464111328126,2.0275743408203124,0.2544838409423828,09:08:11,"[0.9999935626983643, -0.001417970284819603, -0.003294261172413826, 0.0014216328272596002, 0.9999983906745911, 0.0011096969246864319, 0.003292682347819209, -0.0011143729789182544, 0.9999939799308777]",-13.373153220613084,1564,269531,9075
1718780894.168502,1.1684664306640624,2.0276278076171876,0.25485575866699217,09:08:12,"[0.9999983906745911, -0.0006538350717164576, 0.0016732004005461931, 0.0006543701165355742, 0.9999997615814209, -0.00031925723305903375, -0.0016729912022128701, 0.0003203516243956983, 0.9999985694885254]",-13.495947833111469,1563,269531,9063
1718780895.221744,1.1683443603515624,2.0274759521484373,0.25485269165039065,09:08:13,"[0.9999915361404419, -0.0026381914503872395, 0.0031541986390948296, 0.0026390107814222574, 0.9999964833259583, -0.0002556152467150241, -0.0031535131856799126, 0.00026393705047667027, 0.9999949932098389]",-13.398387944160714,1566,269531,9098
1718780896.1268454,1.1683939208984375,2.0276873779296873,0.25463630676269533,09:08:14,"[0.9999999403953552, 6.96850402164273e-05, -0.0003389702760614455, -6.972640403546393e-05, 1.0, -0.00012202002835692838, 0.00033896174863912165, 0.00012204366066725925, 0.9999999403953552]",-13.421958618841344,1563,269531,9052
1718780897.2851899,1.168125732421875,2.0277757568359376,0.25468898010253904,09:08:15,"[0.9999980926513672, 0.0019419186282902956, 0.0001530348527012393, -0.001942003844305873, 0.9999979734420776, 0.0005588677013292909, -0.0001519492652732879, -0.0005591638037003577, 0.9999998211860657]",-13.422656422178871,1563,269531,9052
1718780898.2571292,1.168517333984375,2.0274046630859375,0.2548516845703125,09:08:16,"[0.9999913573265076, -0.003847616259008646, 0.0015853536315262318, 0.0038469622377306223, 0.9999924898147583, 0.00041538025834597647, -0.0015869399067014456, -0.0004092778544872999, 0.9999986290931702]",-13.39345502251922,1566,269531,9133
1718780899.2195532,1.1684407958984375,2.0276727294921875,0.25486476135253905,09:08:17,"[0.9999964237213135, 7.570534944534302e-05, 0.00268367026001215, -7.264476153068244e-05, 0.9999993443489075, -0.0011405267287045717, -0.002683754777535796, 0.0011403276585042477, 0.999995768070221]",-13.436042906037517,1564,269531,9040
1718780900.1620207,1.168299560546875,2.027654541015625,0.2547652893066406,09:08:18,"[1.0, -5.019361196900718e-05, -6.598117761313915e-05, 5.021497781854123e-05, 0.9999999403953552, 0.0003238818026147783, 6.596491584787145e-05, -0.00032388512045145035, 0.9999999403953552]",-13.343964857127027,1565,269531,9121
1718780901.2371428,1.1682652587890625,2.0274647216796877,0.2543579406738281,09:08:19,"[0.9999827742576599, -0.002901210682466626, -0.005098922643810511, 0.002909781876951456, 0.9999943375587463, 0.0016743883024901152, 0.005094035994261503, -0.0016891963314265013, 0.9999855756759644]",-13.47582933819853,1561,269531,9075
1718780902.1671076,1.1678216552734375,2.027335205078125,0.2545023193359375,09:08:20,"[0.9999921917915344, -0.003946569282561541, 6.579369801329449e-05, 0.0039464556612074375, 0.9999908804893494, 0.0016421712934970856, -7.227404421428218e-05, -0.0016418987652286887, 0.9999986290931702]",-24.340640583555412,1552,519531,4648
1718780903.2144918,1.1680203857421876,2.02770849609375,0.2544023284912109,09:08:21,"[0.9999954104423523, 0.0011823781533166766, -0.0027870982885360718, -0.0011836221674457192, 0.9999992251396179, -0.00044474858441390097, 0.002786570228636265, 0.00044804540812037885, 0.9999960064888]",-24.419216835355833,1552,519531,4648
1718780904.2162962,1.168313232421875,2.02747119140625,0.2545174102783203,09:08:22,"[0.999994695186615, -0.0030386445578187704, -0.0011969386832788587, 0.003039351664483547, 0.999995231628418, 0.0005893728812225163, 0.0011951420456171036, -0.0005930076586082578, 0.9999991059303284]",-24.386257161097134,1558,527343,4626
1718780905.087202,1.1681248779296876,2.0275933837890623,0.2543304748535156,09:08:23,"[0.9999887943267822, 0.0002939306141342968, -0.004723664373159409, -0.000288521550828591, 0.9999992847442627, 0.0011457398068159819, 0.004723997786641121, -0.001144364126957953, 0.9999881982803345]",-24.457869047414647,1556,527343,4597
1718780906.1932428,1.168267333984375,2.0278787841796877,0.25468898010253904,09:08:24,"[0.9999951124191284, 0.0030779577791690826, -0.0005145371542312205, -0.0030783694237470627, 0.9999949336051941, -0.0008011736208572984, 0.0005120685673318803, 0.0008027536096051335, 0.9999995231628418]",-24.559638633760215,1556,527343,4597
1718780907.1620674,1.1683519287109374,2.0276817626953125,0.25459957885742185,09:08:25,"[0.9999977350234985, 0.0001740416482789442, -0.0021314288023859262, -0.00017433286120649427, 1.0, -0.00013644140562973917, 0.0021314050536602736, 0.0001368126686429605, 0.9999977350234985]",-24.412949265210607,1558,527343,4591
1718780908.179145,1.168146728515625,2.027610595703125,0.2547379150390625,09:08:26,"[0.9999995827674866, -0.0006556484149768949, 0.0006675870390608907, 0.0006551773403771222, 0.9999995231628418, 0.0007056249305605888, -0.0006680493825115263, -0.0007051872089505196, 0.9999995231628418]",-24.42146592478504,1560,527343,4603
1718780909.1603713,1.1682926025390625,2.0278575439453124,0.254674560546875,09:08:27,"[0.9999949932098389, 0.0030719551723450422, -0.0007304779719561338, -0.003072158433496952, 0.999995231628418, -0.0002771253348328173, 0.0007296231924556196, 0.00027936810511164367, 0.9999997019767761]",-24.392246159794,1560,527343,4603
1718780910.2239022,1.16802978515625,2.0277764892578123,0.2545545806884766,09:08:28,"[0.9999954104423523, 0.00227215769700706, -0.0019894700963050127, -0.002272446174174547, 0.9999974370002747, -0.00014272048429120332, 0.0019891406409442425, 0.0001472407893743366, 0.9999980330467224]",-24.341033398935885,1561,527343,4620
1718780911.059926,1.1683953857421876,2.0276759033203127,0.2547852325439453,09:08:29,"[0.9999996423721313, 0.0003227227716706693, 0.0007686733151786029, -0.00032238345011137426, 0.9999998211860657, -0.00044149489258415997, -0.0007688156911171973, 0.0004412469279486686, 0.9999995827674866]",-24.39556240675506,1559,527343,4585
1718780912.1180272,1.168281494140625,2.0277247314453124,0.25476971435546875,09:08:30,"[0.9999988079071045, 0.0014409607974812388, 0.0005943007417954504, -0.0014406281989067793, 0.9999988079071045, -0.0005595275433734059, -0.0005951063358224928, 0.0005586707266047597, 0.9999996423721313]",-20.746801707613606,1559,527343,4585
1718780913.1800396,1.1684039306640626,2.02770068359375,0.2549453125,09:08:31,"[0.999994158744812, 0.00027136801509186625, 0.003407264593988657, -0.0002670760441105813, 0.9999991655349731, -0.001260042074136436, -0.003407603595405817, 0.0012591247214004397, 0.9999933838844299]",-20.760691782120453,1627,199218,13303
1718780914.1595323,1.1679942626953126,2.027470703125,0.25449786376953126,09:08:32,"[0.9999942779541016, -0.0027373742777854204, -0.001996320905163884, 0.0027392785996198654, 0.999995768070221, 0.0009517960133962333, 0.001993707148358226, -0.000957258976995945, 0.9999975562095642]",-20.803711615865602,1622,199218,13238
1718780915.1719842,1.1678607177734375,2.0274716796875,0.25440135192871094,09:08:33,"[0.9999933838844299, -0.0023084296844899654, -0.0028171101585030556, 0.00231106742285192, 0.9999969005584717, 0.0009334695641882718, 0.00281494646333158, -0.0009399739210493863, 0.9999955892562866]",-20.67343624628045,1622,199218,13238
1718780916.1311069,1.168097900390625,2.027367919921875,0.25442611694335937,09:08:34,"[0.9999881982803345, -0.00388921401463449, -0.0029167835600674152, 0.0038949712179601192, 0.9999904632568359, 0.0019707209430634975, 0.002909091068431735, -0.001982058398425579, 0.9999938011169434]",-20.81251628474549,1625,199218,13222
1718780917.3002334,1.168411865234375,2.027390625,0.25473393249511717,09:08:35,"[0.9999927282333374, -0.0037541515193879604, 0.0006849663914181292, 0.0037535117007791996, 0.9999925494194031, 0.0009330120519734919, -0.0006884639151394367, -0.0009304342675022781, 0.9999993443489075]",-20.71684280740889,1624,199218,13238
1718780918.3820148,1.1683741455078125,2.02743310546875,0.2544867553710938,09:08:36,"[0.9999911189079285, -0.0029714901465922594, -0.00299349008128047, 0.002978731645271182, 0.9999926686286926, 0.002417576964944601, 0.0029862842056900263, -0.002426472259685397, 0.9999926090240479]",-20.786137629011275,1624,199218,13238
1718780919.1056235,1.167844970703125,2.0275103759765627,0.25438330078125,09:08:37,"[0.9999959468841553, -0.00169974600430578, -0.0022731448989361525, 0.0017007858259603381, 0.9999984502792358, 0.00045554255484603345, 0.0022723672445863485, -0.00045940684503875673, 0.9999973177909851]",-20.780223362180543,1623,199218,13222
1718780920.017474,1.1681854248046875,2.0275557861328126,0.254651611328125,09:08:38,"[0.9999990463256836, -0.0012915097177028656, 0.00047300016740337014, 0.0012916181003674865, 0.9999991655349731, -0.0002288223768118769, -0.0004727042396552861, 0.000229433091590181, 0.9999998807907104]",-20.675986389949315,1629,199218,13336
1718780921.2148962,1.1678507080078124,2.0278148193359375,0.2544182586669922,09:08:39,"[0.9999930262565613, 0.0033370577730238438, -0.001664213021285832, -0.0033392366021871567, 0.9999935626983643, -0.0013081637443974614, 0.0016598369693383574, 0.0013137118658050895, 0.9999977350234985]",-20.781559884351477,1629,199218,13336
1718780922.1852531,1.1678525390625,2.0276458740234373,0.25481439208984374,09:08:40,"[0.9999922513961792, 0.0007681302959099412, 0.0038576035294681787, -0.0007669448968954384, 0.9999996423721313, -0.00030875782249495387, -0.0038578393869102, 0.00030579688609577715, 0.9999924898147583]",-12.752889557479918,1630,199218,13320
1718780923.1412957,1.1680230712890625,2.02735009765625,0.25445770263671874,09:08:41,"[0.9999908804893494, -0.003954104147851467, -0.0016210336470976472, 0.003955083899199963, 0.9999920129776001, 0.0006014749524183571, 0.0016186423599720001, -0.0006078807637095451, 0.9999985098838806]",-12.822896477359542,1550,265625,9079
1718780924.1723902,1.1680147705078125,2.0274954833984373,0.25446769714355466,09:08:42,"[0.999998152256012, -0.0013051136629655957, -0.001406954717822373, 0.0013047819957137108, 0.9999991059303284, -0.00023660939768888056, 0.0014072621706873178, 0.00023477317881770432, 0.9999989867210388]",-12.839663891859814,1580,269531,9273
1718780925.2692287,1.167932373046875,2.027459228515625,0.25471101379394534,09:08:43,"[0.9999964237213135, -0.0023246954660862684, 0.0013168760342523456, 0.0023241559974849224, 0.9999971985816956, 0.00041093467734754086, -0.001317827613092959, -0.000407872605137527, 0.9999990463256836]",-12.789554723215208,1578,269531,9250
1718780926.2910447,1.1678907470703126,2.0274462890625,0.2542656555175781,09:08:44,"[0.999989926815033, -0.002456365618854761, -0.0037537310272455215, 0.0024640371557325125, 0.9999948740005493, 0.0020404665265232325, 0.0037486995570361614, -0.002049695234745741, 0.9999908804893494]",-12.773388944043734,1577,269531,9226
1718780927.2255733,1.16791455078125,2.0276575927734375,0.25436480712890625,09:08:45,"[0.9999977350234985, 0.00030158134177327156, -0.0020930056925863028, -0.0003001117438543588, 0.9999997019767761, 0.0007024325313977897, 0.002093216869980097, -0.0007018027827143669, 0.9999975562095642]",-12.784396928403439,1576,269531,9215
1718780928.2105792,1.1681492919921874,2.02770947265625,0.2544607391357422,09:08:46,"[0.999997079372406, 0.0011722457129508257, -0.0021234839223325253, -0.0011720785405486822, 0.9999992847442627, 7.997958164196461e-05, 0.002123576123267412, -7.749045471427962e-05, 0.9999977350234985]",-12.796225482567113,1576,269531,9262
1718780929.2112322,1.167929443359375,2.0275712890625,0.2542375793457031,09:08:47,"[0.9999901056289673, -0.0006554603460244834, -0.004399815108627081, 0.0006598662002943456, 0.9999992847442627, 0.0010000014444813132, 0.0043991561979055405, -0.0010028949473053217, 0.9999898076057434]",-12.787371821618102,1580,269531,9238
1718780930.1356494,1.16834912109375,2.0274541015625,0.2545623779296875,09:08:48,"[0.999992847442627, -0.0033480629790574312, -0.0017584450542926788, 0.003350508864969015, 0.9999934434890747, 0.001389910583384335, 0.001753779943101108, -0.001395792351104319, 0.9999974966049194]",-12.772682491798179,1579,269531,9250
1718780931.0844183,1.16868212890625,2.0275146484375,0.25457188415527343,09:08:49,"[0.9999917149543762, -0.002686158288270235, -0.003065195633098483, 0.002690037013962865, 0.9999955892562866, 0.0012620175257325172, 0.003061792114749551, -0.001270252512767911, 0.9999945163726807]",-12.813006124575264,1576,269531,9226
1718780932.003118,1.168004150390625,2.02780322265625,0.25466578674316404,09:08:50,"[0.9999960660934448, 0.0027108569629490376, 0.0007377646397799253, -0.002710378961637616, 0.9999961256980896, -0.0006481012678705156, -0.0007395187276415527, 0.0006460990407504141, 0.9999995231628418]",-30.49369540218109,1581,269531,9262
1718780933.0417812,1.168140625,2.0275791015625,0.2544390106201172,09:08:51,"[0.9999958276748657, -0.0007729975041002035, -0.0027758872602134943, 0.0007757677230983973, 0.9999992251396179, 0.0009970200480893254, 0.0027751142624765635, -0.0009991694241762161, 0.9999956488609314]",-30.668248114740805,1170,1000000,1368
