A01: -144.3447462836958
A02: -80.35834524698352
A03: 58.81622361624782
A04: -92.02665217954842
A05: 117.08191174144467
A06: -3.2079191396897735
A07: -48.71591958573015
A08: -17.663876771843373
A09: 88.72891977979042
A10: -93.52646052386852
A11: -25.130553630889406
A12: 128.08908988898003
A13: -9.408707562709433
A14: -72.59683028875378
A15: -13.30642730977034
A16: -144.80914609186442
A17: 165.29938581223468
A18: -160.64889505630424
A19: -44.25487669435243
A20: 149.3025841766575
B01: 98.14895322594833
B02: 179.19832533592688
B03: -6.34206552087663
B04: -108.37563004503313
B05: 66.00337564339408
B06: -83.79381374638601
B07: -140.92277092650818
B08: -101.91302000158706
B09: 30.84771791325154
B10: -110.20897336347642
B11: -26.828367930763406
B12: 79.62702055210076
B13: -91.56274348710329
B14: -171.00775570177547
B15: 163.21766225871755
B16: -10.128210270649813
B17: -76.75420038375069
B18: -31.2271324019327
B19: 122.70278983325521
B20: 13.499211382152822
C01: 78.83812458389413
C02: -174.00643681200123
C03: 52.084995289631195
C04: 16.87883278252869
C05: 144.2214632575472
C06: -47.57017932007708
C07: -121.80098099699224
C08: -71.04452837231338
C09: 99.55842576766054
C10: 14.605123858971217
C11: 117.56497641468876
C12: 161.4752025062807
C13: -57.62752081947203
C14: -161.15464386059665
C15: 34.71614649904475
C16: 143.85688046481602
C17: 44.02891257825755
C18: 112.47081075455446
C19: -22.884602538385103
C20: -34.71347000775331
D01: -66.52839806702931
D02: 76.58781852368666
D03: 8.349220077042906
D04: 49.437893460480346
D05: 124.00245842417549
D06: -118.73325534167398
D07: 145.0900210112019
D08: -148.9996109427244
D09: 68.14669749802134
D10: 46.68865195746681
D11: 170.47981099195553
D12: 145.48047479564184
D13: -131.68430023848975
D14: 93.52133868111657
D15: 70.93736371965191
D16: 9.472277727222007
D17: 176.61476548592321
D18: -49.051052779167804
D19: -20.127870123181875
D20: 137.54176102410406
E01: -30.551858863067316
E02: 132.8791471871343
E03: 98.69962031151299
E04: 175.39328716185526
E05: -134.2656256442998
E06: -42.174235452381694
E07: -149.8246258148976
E08: -75.94811648136498
E09: 164.5102782944395
E10: 172.43325548749525
E11: -54.65872699898544
E12: -110.78375931570447
E13: -56.61499763930511
E14: 152.03812080197704
E15: -20.340497421215584
E16: 64.85436113953106
E17: -53.23110793752013
E18: -49.3544467643573
E19: -142.70616936168207
E20: 147.74860491536253
F01: 41.20400399724838
F02: 178.61285624774266
F03: 100.40337298823687
F04: 130.5555482047352
F05: -147.3839845822297
F06: -22.582095010254307
F07: -115.41180847969922
F08: -51.819282006366
F09: 158.38970485493962
F10: 127.87252483017639
F11: -111.21574330201359
F12: -126.51719902459392
F13: -35.09539102703847
F14: -165.08990271472604
F15: -149.86327142598603
F16: -174.819107760696
F17: 15.789722946703652
F18: 133.20755858047536
F19: 125.66555956953218
F20: -107.75183858506395
G01: -122.18853380584527
G02: -19.78799619273957
G03: -162.86806786758322
G04: 150.4806711422111
G05: -74.16926988340288
G06: 101.38402871898522
G07: 30.200340613929328
G08: 78.86026072355578
G09: -117.18610353448324
G10: 148.28090419897947
G11: -112.02872703677815
G12: -57.5415702060755
G13: 91.7325036431876
G14: -7.4878593605926005
G15: 152.39961869724826
G16: -60.54431735953659
G17: -143.70395103888055
G18: -86.79408732164525
G19: 103.03953800837319
G20: 45.08802330269364
