A01: 135.8352096256751
A02: -159.19282647175856
A03: -18.035349990435233
A04: -166.10861630198013
A05: 57.8905988174356
A06: -48.094651870026055
A07: -78.32578264264644
A08: -31.60330996789319
A09: 90.22930187854224
A10: -77.36939315782735
A11: -0.9491773540946681
A12: 153.0464570481318
A13: 16.071446605850593
A14: -46.90698225721602
A15: -78.2587105203949
A16: 165.66441852906547
A17: 132.47534982304745
A18: -176.24579725323
A19: -42.92409826946275
A20: 166.54865990494596
B01: 6.3419527796634965
B02: 89.17273638665863
B03: -92.85260033978568
B04: 169.80265919382933
B05: 1.8387674137505146
B06: -130.53564358991838
B07: -168.54955292277415
B08: -109.84771997466147
B09: 41.96422146634945
B10: -81.65875770981181
B11: 11.192551702372942
B12: 119.5709836879661
B13: -50.23061259576189
B14: -129.04459990747097
B15: 88.78914941270445
B16: -65.04104481323814
B17: -109.51113898805694
B18: -40.89663379944127
B19: 135.12215216494485
B20: 45.572952928349224
C01: -30.765200763373272
C02: 80.05384347082742
C03: -46.99077253386899
C04: -73.80145420057904
C05: 74.44792428853198
C06: -95.77694281659602
C07: -145.27302950243265
C08: -68.95976136340231
C09: 125.43949260463773
C10: 60.83339361951224
C11: 174.79134886193933
C12: -136.67226990551117
C13: 7.868884091467963
C14: -93.84136726796834
C15: -56.05827244044308
C16: 78.58780241106207
C17: 11.445787100141175
C18: 114.63934898394643
C19: 9.97902161971663
C20: 21.928955631859118
D01: 161.92406871571674
D02: -47.16743231665388
D03: -102.22787926916632
D04: -47.08870752356571
D05: 51.50318651682555
D06: -164.9083590519818
D07: 130.90207758289372
D08: -130.3839265961509
D09: 115.16991125850855
D10: 115.47978141663113
D11: -108.776305810019
D12: -123.91618919524639
D13: -32.39376509928702
D14: -162.41067448899648
D15: -48.77463903070084
D16: -81.76513404729862
D17: 144.8923043586537
D18: -14.002845912884462
D19: 55.83461807674344
D20: -125.77279778222552
E01: -161.58441631092415
E02: 11.919513252139792
E03: -6.366888553647009
E04: 85.97639671551288
E05: 162.5443885998048
E06: -75.81177422936538
E07: -147.3189659831431
E08: -37.51696574361194
E09: -128.02320839032078
E10: -99.68504322483575
E11: 44.96215307323384
E12: 3.108007031556733
E13: 70.59736996998667
E14: -73.03755517552943
E15: -148.0542855243286
E16: -51.31815088223534
E17: -39.53998451124474
E18: 77.3715242686769
E19: -9.456189450300842
E20: -78.01600388246196
F01: -48.92970772150058
F02: 93.38055328637736
F03: 23.596900950521444
F04: 62.95920806230014
F05: 170.99458227285317
F06: -36.308802410887296
F07: -97.5300840021109
F08: -3.3273457654586673
F09: -127.78217250008309
F10: -139.63852003930074
F11: -7.855808660579805
F12: -11.248643134706251
F13: 90.47441960798811
F14: -33.92397314629895
F15: 144.64579638608035
F16: 159.8934213220431
F17: 48.360899035261724
F18: -142.19274583425937
F19: -120.64246926831095
F20: 19.129950266341215
G01: -175.25154009358664
G02: -71.19403472712769
G03: 148.81162336272524
G04: 105.987352952974
G05: -95.89834951145441
G06: 102.60627821752107
G07: 55.797102915217934
G08: 127.9966716550059
G09: -47.37767858200994
G10: -125.14419839658837
G11: -15.791185871260009
G12: 45.939209312776505
G13: -159.15379135179796
G14: 104.4381996304581
G15: 130.23834523829373
G16: -56.21009017522448
G17: -110.77047884154842
G18: -26.71754707479045
G19: -174.23900885298877
G20: 144.86850699087327
