A01: -64.65589919528274
A02: -24.36836193423914
A03: -177.32322480622798
A04: -63.80437907403171
A05: 49.50567415943935
A06: -101.71059294874334
A07: -150.90856754496085
A08: -95.63318287412783
A09: 36.137907036268956
A10: 155.06355700277723
A11: 4.743070394401836
A12: -138.22966380177527
A13: 69.19558124987424
A14: 15.632451277580602
A15: 128.58776502221593
A16: 24.313847539513983
A17: 55.70806215200984
A18: 91.47480833367648
A19: 51.0776403750571
A20: -158.9813907602326
B01: 27.034603422024112
B02: 34.62605583319732
B03: 176.18397306045404
B04: -21.349801597361456
B05: -94.96793916317388
B06: -136.45568333839728
B07: -150.78567675917546
B08: -90.3207666720881
B09: 28.91002692759319
B10: -128.7129073181927
B11: -165.60041571259
B12: 149.80314689030612
B13: 83.50115655793043
B14: -53.73293942337872
B15: 35.437204760230514
B16: 47.700947669959746
B17: -81.05146602236309
B18: -59.989171463594715
B19: 84.21687273090637
B20: 77.35352872519242
C01: -74.01048899835851
C02: 4.945868849366896
C03: -46.44627119828148
C04: -169.56389056436183
C05: 81.23935831472993
C06: -92.21789002321498
C07: -173.49757719437108
C08: -42.702057146396754
C09: -159.82478533946335
C10: 63.44618676708185
C11: 78.55889427088448
C12: 105.86822647180807
C13: -162.28296153349632
C14: 9.066587472246521
C15: 64.25169837264741
C16: -27.280035207206826
C17: 68.4319056088735
C18: 159.7522894790238
C19: 98.73238742270645
C20: 17.512259369880066
D01: 138.92200490542584
D02: -169.70333092245545
D03: -3.8062730701362613
D04: -80.46877484646853
D05: 147.21765632633432
D06: -55.80711812661638
D07: 141.7020493100412
D08: -118.36430888805046
D09: 69.89546235483978
D10: 97.50055961208514
D11: 122.73614366114847
D12: -120.1674202379757
D13: 176.54114234393148
D14: 5.640670071507761
D15: 85.38307675312433
D16: -2.0666466118868114
D17: -134.15379657846347
D18: -100.62580353630858
D19: 83.69751709878193
D20: 112.75691516426296
E01: 10.231358306290545
E02: 21.495091161245423
E03: -33.85997450769296
E04: 135.86625634942814
E05: -17.067232710340086
E06: 146.9311844872072
E07: -55.38704092050341
E08: 134.19481531005175
E09: -101.82508100315236
E10: -5.493399964915196
E11: -4.849387199075121
E12: 20.790853855010184
E13: 3.9183237531049664
E14: -65.35903945511923
E15: -20.31403717619802
E16: -38.6942664188299
E17: 84.04006229119213
E18: 82.32451593867927
E19: -81.35429808681387
E20: -56.502962167852424
F01: 148.37205387748125
F02: 129.16738893737897
F03: 79.06048334835731
F04: -14.745160787505133
F05: -92.67062211617124
F06: 26.248579799731466
F07: -149.06863298015514
F08: -62.22809214135625
F09: 121.03608712565057
F10: 89.45230080195779
F11: 21.10097610031485
F12: -32.06799956101475
F13: -162.18786465208373
F14: 66.31992237184282
F15: 149.7162924849782
F16: 120.05147213655796
F17: -10.812717686278377
F18: -123.16571347568767
F19: -150.69334291277414
F20: 81.3377291791044
G01: -62.59151569656469
G02: 147.71294162987627
G03: 80.66123203294835
G04: -75.33167247974069
G05: -112.15891264791918
G06: 7.411638826883142
G07: 136.33752667773064
G08: 150.85219223449943
G09: -20.628940047760405
G10: -140.01387124244252
G11: -118.26827497482026
G12: -152.14750488370757
G13: -12.84882484203126
G14: 129.5667071309327
G15: 81.56293611660223
G16: -132.13734327631275
G17: -21.58063361217526
G18: -24.26428652237574
G19: 42.64022376136911
G20: -167.33627606075788
