A01: -120.1493838801445
A02: -74.5392258964142
A03: 7.474520668557015
A04: -135.86338681338003
A05: 66.26798446259814
A06: -93.81341356086546
A07: -153.44119907436274
A08: -147.5941432792401
A09: -147.46479111113229
A10: -111.90878236021815
A11: -143.29339397556134
A12: 75.26211348334317
A13: 39.98109125894911
A14: -12.332787922965462
A15: 89.80976530237119
A16: 33.074613409401174
A17: 105.95536507884431
A18: 136.78844447836653
A19: 175.88906536713185
A20: 124.33951145310054
B01: 39.37983216290871
B02: 18.15168185340595
B03: 42.33880566434714
B04: -166.95053335693453
B05: -23.559022794916377
B06: -136.9453579861454
B07: 169.11853848710973
B08: -55.04870621001724
B09: -10.901689333140302
B10: -86.73505651094507
B11: -115.55766739679228
B12: 91.49496132462869
B13: -64.38261215131482
B14: -89.75270124695534
B15: 28.325620104650543
B16: -136.3061568469222
B17: -153.4918555385095
B18: -79.37308331240453
B19: 117.21762113645444
B20: 70.2238423014268
C01: 75.77618199364775
C02: 13.054543734106124
C03: -110.42438241324767
C04: -46.64667487578864
C05: 101.8501301747423
C06: -69.69098659111282
C07: -130.72950730654622
C08: -15.290564805189284
C09: -174.97024281665261
C10: 87.5986336459784
C11: 80.37927620325632
C12: 160.56425947722173
C13: 128.5433908501287
C14: -28.6765076022634
C15: 52.28078647277732
C16: -110.82195135184578
C17: 41.508674743675805
C18: -146.37090340568025
C19: 11.467280901313714
C20: 115.40232428385143
D01: 116.97491037644684
D02: -158.03367860734227
D03: -80.48601488693653
D04: 15.783040484935611
D05: 162.858307423804
D06: -53.09137419510898
D07: 129.46166171298248
D08: -65.06983567608776
D09: 163.53662772243356
D10: 150.27935158191474
D11: -64.0287398062796
D12: -144.15620761389587
D13: 50.00353087339018
D14: -100.34774420181813
D15: 88.27860889639086
D16: -127.25348555023129
D17: -161.3398088819417
D18: -99.45886221776868
D19: 60.329624197596786
D20: 179.1068606670396
E01: -64.46595666537594
E02: 11.491912933485873
E03: 88.38303331745907
E04: 38.829299063496464
E05: 35.71393086062588
E06: 179.20467423023752
E07: -18.44362953485081
E08: 157.43444320718555
E09: -116.1885757227745
E10: -11.279355465711888
E11: -11.649602001361465
E12: 34.61406397227165
E13: -35.20295825513221
E14: -14.410134492582477
E15: -174.93689457771765
E16: 39.090442320246204
E17: 35.38990704351064
E18: 63.410978261948955
E19: -72.17325340058073
E20: -53.84165451251873
F01: 96.3044048559072
F02: -100.10014126136447
F03: 15.300398845731145
F04: 96.11774111755308
F05: -114.83185449985942
F06: 28.1318288593841
F07: -150.86815058097315
F08: 28.283167531836334
F09: -100.70808449726216
F10: -117.9441065749909
F11: 22.139070499096164
F12: -56.10947557533956
F13: 108.43999915362133
F14: 13.69753965111267
F15: -168.02733663263075
F16: -172.0762432749549
F17: -0.08584459604024383
F18: -135.25974743290706
F19: -166.55549947758897
F20: -11.731689363349682
G01: -131.16321356967697
G02: -179.58648650912596
G03: 34.27281716042498
G04: 110.49090148312078
G05: -95.42936512092477
G06: 101.90163012220977
G07: 47.77198397342162
G08: 146.0296187791912
G09: -20.280367914340783
G10: -124.86145596211766
G11: 56.28406305439418
G12: -61.11861035944245
G13: -106.01068207719496
G14: 125.70657698204775
G15: 153.45658776843706
G16: -128.04737614008786
G17: -23.90891626644285
G18: -144.04465927209802
G19: -0.030234828674570394
G20: -162.93634040232507
